results analysis/Ohio_2020-4-20-16-56-48/Ohio_Seneca/runoff.asc
ncols        203
nrows        211
xllcorner    -83.420650180759
yllcorner    40.991889000000
dx           0.000278052272
dy           0.000278163319
NODATA_value 0
[rows 51 to 101 of 211, columns 96 to 191 of 203]
112 112 111 111 111 116 115 200 200 200 200 200 204 204 200 204 195 195 195 195 204 204 0 200 204 200 200 204 200 200 200 200 200 200 204 200 200 200 200 200 200 200 0 200 200 200 204 212 212 212 212 204 191 195 195 195 204 204 204 115 111 111 115 115 114 110 110 110 110 110 110 110 110 110 113 115 112 112 112 112 112 115 115 115 115 113 113 113 113 113 113 113 113 113 115 115
0 0 0 0 115 116 191 191 191 0 0 0 0 0 191 191 195 195 0 0 0 0 0 204 204 204 204 204 0 0 0 0 0 200 204 204 204 0 0 0 0 0 0 182 182 182 191 0 0 0 0 0 0 177 186 186 0 0 0 0 0 0 0 105 0 0 0 0 0 0 0 0 0 105 105 32 0 0 0 0 0 0 105 32 105 105 0 0 0 0 0 0 32 105 32 32
0 0 4 111 111 111 111 0 116 116 111 111 111 111 116 116 116 0 204 204 204 204 204 204 200 200 200 0 204 204 204 204 204 204 200 200 200 200 200 200 200 0 0 0 105 105 0 109 109 109 109 106 186 62 62 62 62 62 61 106 105 109 105 105 105 105 109 105 182 189 189 189 168 168 168 168 168 0 0 0 0 105 105 105 105 105 105 105 105 0 0 0 0 0 0 0
191 111 111 111 111 111 111 115 115 111 111 111 111 116 111 111 114 191 191 191 204 195 195 204 204 200 200 204 204 204 204 204 204 204 204 204 204 204 204 204 204 0 0 109 109 109 109 109 105 105 106 105 182 23 23 23 23 37 109 106 105 109 109 109 109 105 105 32 189 189 189 168 168 168 168 191 0 107 0 107 105 105 105 105 105 105 107 107 0 0 0 0 0 0 0 0
111 111 111 111 111 115 115 111 111 111 111 111 111 116 111 111 191 191 191 191 200 195 195 204 204 204 204 204 204 204 204 204 204 204 204 204 204 204 204 200 200 389 0 105 105 105 105 109 109 109 109 109 38 38 38 38 38 37 109 109 109 109 105 105 109 109 105 32 189 189 189 168 168 168 168 191 168 107 107 107 105 105 105 105 105 105 98 107 0 0 0 0 0 0 0 0
111 111 111 111 111 116 111 111 111 111 111 111 111 116 111 111 191 191 191 191 191 191 198 204 200 191 191 200 200 200 200 200 204 204 200 200 200 200 200 200 200 389 0 105 105 105 105 105 105 106 105 105 23 23 23 23 37 37 106 109 105 109 105 105 105 109 105 105 182 189 189 189 189 189 168 191 191 107 107 107 98 98 107 107 107 105 107 107 0 0 0 0 0 0 0 0
111 111 116 116 116 120 111 111 111 111 111 111 111 111 111 111 191 191 191 191 191 191 195 204 200 191 191 191 191 191 200 200 200 204 200 200 200 200 200 200 200 200 0 105 105 105 105 106 106 106 105 109 23 23 23 37 37 37 37 106 109 109 105 105 105 109 105 105 182 182 189 189 189 189 189 168 168 105 107 107 98 107 107 107 105 105 105 107 107 107 107 107 106 106 0 0
115 115 111 111 111 111 111 111 111 111 111 116 116 111 114 114 111 111 191 191 191 191 195 195 195 191 191 111 191 191 191 191 191 195 191 191 200 191 195 195 195 204 0 109 109 109 109 109 109 109 109 109 174 174 106 106 106 61 109 109 109 106 106 106 105 109 106 106 106 189 189 189 189 189 189 189 189 105 105 107 107 107 107 107 107 105 105 105 105 105 107 107 106 106 0 0
111 115 111 111 111 111 115 117 117 117 117 117 117 111 111 111 111 111 111 114 114 111 117 115 118 115 115 111 111 115 114 111 195 195 191 191 191 116 116 111 111 191 106 106 106 106 106 106 106 106 106 0 109 0 0 0 0 0 109 105 105 109 109 105 109 109 106 106 106 189 189 189 189 189 174 189 168 105 105 105 105 105 105 105 105 107 107 105 105 105 107 107 107 107 105 105
111 111 115 115 115 115 115 112 112 112 112 112 112 114 111 111 114 114 111 116 116 114 114 118 111 111 115 118 115 115 114 114 111 111 116 111 111 111 111 111 111 0 106 106 106 106 106 109 109 109 109 0 0 0 0 0 0 0 0 109 109 109 105 109 106 106 106 106 174 189 189 189 189 189 174 189 168 105 105 105 105 105 105 105 105 107 107 105 105 105 107 107 107 107 105 105
111 115 111 111 111 111 111 112 112 112 112 112 112 114 111 116 117 117 116 116 111 115 115 118 111 111 118 115 115 115 115 115 111 111 115 111 111 111 111 111 115 0 109 109 109 109 109 109 106 105 105 0 0 0 0 0 0 0 0 109 105 105 105 105 105 106 106 106 174 174 189 189 174 174 174 190 168 105 105 105 105 107 105 105 105 105 107 105 105 105 107 107 107 107 33 33
111 115 111 111 111 111 111 112 112 112 112 112 112 114 114 117 117 117 117 117 118 115 115 115 115 118 118 115 115 115 115 115 111 115 111 111 111 111 115 111 111 0 105 105 106 105 105 105 0 0 0 0 0 0 0 0 0 0 0 109 109 109 105 105 105 106 106 106 190 174 174 174 174 174 174 174 106 106 106 105 105 105 107 107 107 107 107 107 107 105 107 107 107 107 106 106
115 115 111 111 111 111 111 111 112 112 112 112 112 111 111 116 117 117 116 117 118 118 118 115 118 118 118 115 115 115 115 111 111 115 111 111 111 115 115 111 111 111 0 105 105 105 105 109 105 0 0 0 0 0 0 0 0 0 0 106 106 108 105 105 105 105 106 106 190 190 174 190 174 174 174 174 174 106 106 105 105 105 105 105 105 105 107 107 107 105 107 107 106 106 106 106
111 111 111 111 111 111 111 111 111 111 111 111 111 0 112 111 114 111 111 111 111 114 117 114 114 117 117 118 115 115 115 115 111 115 111 111 111 115 111 111 111 111 0 105 105 105 105 109 105 0 0 0 0 0 0 0 0 0 106 108 108 106 108 108 109 105 106 106 190 174 174 174 190 190 190 174 174 106 106 105 106 105 105 105 105 105 105 107 107 107 105 105 107 107 107 106
111 111 111 111 111 111 111 111 111 0 0 0 0 0 0 0 0 0 0 0 0 0 117 114 114 117 117 118 115 111 115 115 111 111 111 111 111 115 111 111 111 111 0 182 0 0 0 0 186 183 183 183 183 183 0 0 183 183 108 108 106 108 106 106 109 109 106 106 106 174 174 174 190 190 190 174 174 106 106 105 106 105 105 105 105 105 105 107 107 107 105 105 107 107 107 106
111 111 111 111 111 111 111 111 111 0 0 0 0 0 0 0 0 0 0 0 0 0 114 114 117 117 117 117 117 116 111 111 111 115 115 115 115 115 111 111 111 111 0 182 0 0 0 0 182 179 183 183 183 183 0 0 183 183 108 106 108 106 106 106 106 106 105 106 106 190 174 190 190 190 190 190 190 106 106 105 106 106 105 105 105 105 105 105 105 107 107 105 105 105 107 107
112 111 111 111 111 111 111 111 0 0 0 0 0 0 0 0 0 0 0 0 0 0 111 111 116 116 116 116 117 111 111 111 111 118 115 115 115 111 111 111 111 111 0 182 182 182 182 182 182 182 186 179 179 179 179 179 179 179 108 108 106 106 106 108 108 106 105 105 0 0 0 190 190 190 190 190 190 106 106 106 105 106 105 105 105 105 105 105 105 105 105 107 105 105 107 107
112 111 111 111 111 111 111 111 0 0 0 0 0 0 0 0 0 0 0 0 0 115 111 111 115 119 115 115 115 111 111 116 116 116 114 114 111 111 111 111 111 0 182 182 182 182 182 182 182 182 182 182 182 182 182 182 182 182 182 109 109 108 108 106 108 106 106 105 0 182 190 190 190 190 190 190 190 190 106 106 106 105 105 105 105 105 105 105 105 105 105 105 105 105 105 106
112 111 111 111 111 111 111 111 0 0 0 0 0 0 0 0 0 0 0 111 111 111 111 111 115 119 115 115 111 111 116 116 111 111 111 111 111 111 111 111 111 111 0 182 182 182 182 182 182 182 182 182 182 182 182 182 182 182 182 105 105 106 106 106 108 106 106 106 179 182 182 190 190 193 190 190 190 106 106 106 107 105 105 105 105 105 105 106 106 106 106 106 105 105 105 106
112 111 111 111 111 111 111 111 0 0 0 0 0 0 0 0 0 0 0 114 114 111 111 111 115 119 119 115 111 111 116 111 111 111 111 111 111 111 111 111 111 111 0 182 182 182 182 182 182 182 182 182 182 182 182 182 182 182 182 105 105 106 106 106 108 106 106 106 106 182 182 190 190 193 193 190 190 106 106 106 107 105 105 0 0 0 105 106 106 106 106 106 105 105 105 106
112 112 111 111 111 111 111 111 0 0 0 0 0 0 0 0 0 0 0 115 115 111 111 115 115 115 115 115 111 111 115 111 111 111 111 111 111 111 111 111 111 111 0 182 182 179 179 179 179 179 179 182 182 182 182 179 179 182 182 105 105 106 105 109 108 106 106 108 106 183 182 190 190 190 177 195 191 107 107 107 107 105 105 0 0 0 105 106 106 106 106 106 105 105 106 106
112 112 111 111 111 111 111 111 115 0 0 0 0 0 0 0 0 0 0 111 115 115 115 115 115 115 115 111 115 115 111 111 111 111 111 111 111 111 111 111 111 111 0 182 182 179 179 179 179 179 179 179 179 179 179 179 179 182 105 105 105 105 105 105 105 106 105 109 105 0 0 182 174 174 177 195 191 107 107 107 107 105 105 105 105 105 0 109 109 109 106 106 106 106 106 106
112 112 111 111 111 111 111 111 111 0 0 0 0 0 0 0 0 0 0 0 0 115 115 115 115 115 204 200 204 204 204 204 204 204 204 201 201 204 204 204 204 204 0 186 179 179 179 179 179 179 183 183 179 179 179 179 179 182 49 105 105 105 105 105 105 105 105 105 0 0 0 106 174 174 191 195 191 107 107 107 107 107 105 105 105 105 0 109 109 105 105 105 106 106 106 106
111 111 111 111 111 111 111 111 0 0 0 0 115 115 111 111 0 0 0 115 115 115 115 115 115 115 0 204 204 200 204 200 200 200 200 197 197 197 197 197 197 197 0 186 179 179 182 182 182 179 186 186 182 182 182 182 182 182 182 105 105 105 105 105 105 105 105 0 0 0 0 0 174 174 195 195 191 107 107 107 107 105 105 105 105 105 0 109 105 105 105 105 106 106 106 106
111 111 111 3 114 114 0 0 114 111 111 111 111 115 115 115 115 115 118 115 115 115 115 115 115 111 46 0 73 204 204 204 200 200 200 197 197 197 197 197 197 197 0 186 179 179 182 182 182 183 186 186 186 186 186 182 182 182 182 105 105 105 105 105 105 105 105 105 0 105 106 174 174 174 191 195 195 107 107 107 107 105 105 105 105 105 105 105 105 105 105 105 106 106 106 106
111 111 111 3 114 114 0 0 115 111 111 111 111 115 111 111 115 115 115 111 115 111 119 115 111 111 46 0 69 204 204 207 207 207 207 207 204 204 204 204 207 204 0 183 189 189 189 189 189 186 186 186 186 182 182 186 186 182 182 108 108 106 106 106 106 106 106 106 0 106 106 174 191 191 174 182 195 98 98 109 109 105 105 105 105 105 105 105 105 105 105 105 106 106 106 106
111 111 0 67 67 67 0 0 111 111 111 111 111 111 115 115 115 115 115 115 115 111 115 119 115 115 0 50 204 204 204 204 204 204 204 204 204 201 201 201 204 204 0 186 186 186 186 186 186 186 186 183 183 183 186 183 183 183 179 106 106 106 108 108 106 106 106 106 179 179 174 174 174 174 174 182 182 105 105 105 105 109 106 106 105 105 0 105 105 106 106 106 106 106 106 106
0 0 0 0 0 0 0 0 0 0 0 0 0 0 111 111 111 111 0 0 0 0 0 115 0 0 0 0 0 0 0 0 0 204 204 204 204 204 0 0 0 0 0 204 204 204 204 0 0 0 0 0 0 201 201 201 201 0 0 0 0 0 0 115 115 115 0 0 0 0 0 0 0 191 191 191 0 0 0 0 0 0 116 111 0 0 0 0 0 0 0 0 115 111 0 0
114 114 114 114 0 0 114 0 0 111 111 111 111 111 114 115 115 0 111 111 115 118 115 0 0 0 115 0 0 0 0 0 0 115 0 0 0 0 115 115 115 115 115 115 115 115 0 115 115 115 115 118 115 115 115 111 115 0 111 115 115 118 115 115 115 115 111 111 111 114 115 115 115 115 115 114 111 111 111 111 111 111 111 111 111 111 0 111 111 111 111 115 0 0 0 0
111 111 111 0 114 114 114 114 114 114 114 114 111 114 114 115 115 115 115 115 115 115 118 115 0 0 115 115 115 115 115 115 115 0 0 0 115 115 115 115 115 115 115 115 115 111 111 111 111 115 115 115 111 111 115 115 115 0 118 118 115 115 118 118 115 115 115 115 115 114 115 115 115 115 115 114 114 115 115 111 111 111 111 111 111 111 111 111 111 111 115 115 0 0 0 0
111 111 111 0 114 114 114 114 114 114 114 114 111 114 114 115 115 115 115 115 115 115 115 111 0 0 111 111 111 111 115 115 115 0 0 0 115 115 115 115 115 115 115 115 111 111 111 111 111 115 115 115 115 111 111 115 115 0 115 115 115 115 115 118 115 115 115 115 115 115 118 118 115 115 115 117 117 115 115 115 111 111 111 111 111 111 115 111 111 111 115 115 0 0 0 0
111 112 112 0 114 114 114 114 114 114 114 114 111 114 114 114 114 115 114 114 115 115 115 111 0 0 111 111 111 111 111 111 111 0 0 0 111 111 111 111 111 111 111 111 111 111 111 111 111 111 115 115 115 111 111 111 115 0 115 115 118 115 115 118 118 115 115 118 115 115 118 118 118 118 118 117 118 111 115 115 111 111 111 111 111 115 115 111 111 111 111 0 0 0 0 0
112 112 112 0 115 115 115 115 115 115 115 115 111 114 114 114 114 114 114 114 114 114 115 111 111 111 111 111 111 111 111 111 111 111 111 111 111 111 111 111 111 111 111 111 111 111 111 111 111 111 111 115 115 111 111 111 115 115 115 118 118 115 115 118 118 115 115 115 118 118 118 118 118 115 118 115 115 111 115 115 115 115 111 111 111 115 111 0 0 0 111 0 0 0 0 0
112 111 111 0 115 115 115 115 115 115 115 115 115 111 115 114 114 111 114 114 114 114 114 111 111 111 0 111 111 111 116 116 115 115 115 111 111 116 115 115 115 115 115 111 111 111 111 111 111 111 115 119 115 111 111 115 111 115 111 115 115 118 118 118 118 118 115 115 115 118 118 118 118 115 115 115 111 111 115 115 111 115 115 111 111 0 0 0 0 0 0 0 0 0 0 0
112 111 111 0 115 115 115 115 115 115 115 115 115 115 115 114 114 114 114 114 114 111 111 111 0 0 111 111 111 111 116 111 111 111 111 115 111 111 111 111 111 111 115 115 111 111 111 111 111 115 115 115 111 111 111 115 115 119 115 115 115 118 115 118 118 115 115 115 115 115 115 118 118 115 115 115 111 111 115 0 0 0 0 0 0 0 0 0 0 0 0 0 0 0 0 0
112 112 111 0 114 114 115 115 115 115 115 115 115 115 115 115 115 115 115 115 117 116 116 116 0 0 116 116 116 116 116 111 111 111 111 111 111 115 115 115 115 115 115 115 115 115 115 115 115 115 115 115 115 115 115 115 115 115 111 111 111 118 118 118 115 115 115 115 115 115 115 118 115 115 115 115 115 115 111 0 0 0 0 0 0 0 0 0 0 0 0 0 0 0 0 0
112 112 0 0 114 114 114 114 114 114 114 114 114 115 115 115 115 115 115 118 118 114 115 111 0 0 111 111 111 111 111 111 111 111 111 111 115 115 111 111 111 115 115 115 115 115 115 115 115 0 0 0 0 0 0 0 0 0 111 115 115 118 115 115 115 115 115 115 115 115 116 116 116 116 116 115 111 111 0 0 0 0 0 0 0 0 0 0 0 0 0 0 0 0 0 0
111 111 112 115 115 114 114 114 115 115 115 114 114 114 114 114 117 118 118 118 115 118 115 115 0 0 115 115 115 115 115 115 115 115 115 115 111 111 115 111 111 115 115 115 119 115 119 119 119 0 0 0 0 0 0 0 0 0 0 118 118 118 118 118 118 118 116 116 116 116 116 116 116 119 116 115 0 0 0 0 0 0 0 0 0 0 0 0 0 0 0 0 0 0 0 0
111 111 111 111 115 114 114 115 115 115 115 115 115 115 115 117 117 114 114 114 117 117 114 111 0 0 111 111 111 111 111 111 111 111 111 111 111 111 115 115 115 115 111 115 115 115 111 111 111 0 0 0 0 0 0 0 0 0 0 115 115 115 115 115 115 115 115 116 116 116 116 112 112 119 0 0 0 0 0 0 0 0 0 0 0 0 0 0 0 0 0 0 0 0 0 0
115 115 115 115 118 117 117 118 118 118 118 115 115 115 115 114 117 117 117 117 114 117 117 118 115 115 111 111 111 111 111 111 111 111 111 115 115 115 115 111 111 115 111 115 115 115 115 115 115 0 0 0 0 0 0 0 0 0 0 115 115 111 115 115 115 115 115 116 116 112 112 116 116 0 0 0 0 0 0 0 0 0 0 0 0 0 0 0 0 0 0 0 0 0 0 0
111 111 111 111 115 115 115 115 115 115 118 118 115 115 115 114 114 114 115 118 118 114 114 115 111 115 111 111 111 111 111 115 115 115 115 111 111 115 115 111 115 115 111 111 111 111 111 111 111 0 0 0 0 0 0 0 0 0 0 115 115 111 115 115 115 115 115 115 115 112 112 115 0 0 0 0 0 0 0 0 0 0 0 0 0 0 0 0 0 0 0 0 0 0 0 0
115 115 115 115 118 118 118 118 118 118 115 118 115 115 115 115 115 115 114 114 118 111 114 115 111 115 115 111 111 111 115 115 112 112 112 117 117 115 111 115 115 115 111 115 115 115 115 115 0 0 0 0 0 0 0 0 0 0 0 115 111 111 197 197 111 111 115 111 111 0 0 0 0 0 0 0 0 0 0 0 0 0 0 0 0 0 0 0 0 0 0 0 0 0 0 0
111 111 111 0 115 115 115 111 115 118 118 115 111 115 115 115 111 111 115 115 117 116 115 115 0 0 111 115 111 115 115 111 117 117 117 112 117 115 111 111 111 111 115 115 111 111 111 111 0 0 0 0 0 0 0 0 0 0 0 200 204 204 204 204 204 204 115 111 111 0 0 0 0 0 0 0 0 0 0 0 0 0 0 0 0 0 0 0 0 0 0 0 0 0 0 0
115 115 0 0 115 115 115 115 115 115 115 119 115 111 111 111 111 111 111 115 114 111 111 111 0 0 111 115 111 115 111 111 115 117 112 117 117 117 115 115 115 115 115 115 115 115 115 115 115 0 0 0 0 0 0 0 0 0 0 200 200 200 200 200 200 200 111 111 111 0 0 0 0 0 0 0 0 0 0 0 0 0 0 0 0 0 0 0 0 0 0 0 0 0 0 0
111 111 0 111 111 111 111 111 111 111 115 119 115 111 111 111 111 111 111 111 111 111 111 111 0 0 200 204 200 204 200 200 200 210 206 210 210 206 200 115 115 111 111 115 111 111 115 115 115 111 111 0 0 0 0 0 0 0 0 200 200 200 200 200 111 111 111 111 111 111 111 111 0 0 0 0 0 0 0 0 0 0 0 0 0 0 0 0 0 0 0 0 0 0 0 0
115 115 0 111 111 111 111 111 111 111 115 119 115 111 111 115 115 115 115 115 115 115 115 115 0 0 204 204 204 204 204 200 200 204 200 200 204 206 210 118 118 115 115 115 111 111 115 115 115 111 115 0 0 0 0 0 0 0 0 200 200 200 200 200 111 111 111 111 111 111 111 0 0 0 0 0 0 0 0 0 0 0 0 0 0 0 0 0 0 0 0 0 0 0 0 0
111 0 115 115 115 115 115 115 115 115 115 115 115 115 115 115 115 115 115 115 115 115 115 115 0 0 0 204 204 204 204 204 204 204 200 204 200 204 118 115 115 115 115 115 118 118 118 118 118 118 118 0 0 0 0 0 0 0 0 204 204 204 204 204 115 111 111 115 115 0 0 0 0 0 0 0 0 0 0 0 0 0 0 0 0 0 0 0 0 0 0 0 0 0 0 0
111 0 111 111 111 111 111 111 111 111 115 117 117 115 115 115 115 115 115 115 115 115 115 115 119 115 0 204 204 204 204 204 200 200 204 204 200 204 111 115 115 115 118 118 115 115 115 115 115 118 118 0 0 0 0 0 0 0 0 111 111 197 200 200 111 111 111 115 115 0 0 0 0 0 0 0 0 0 0 0 0 0 0 0 0 0 0 0 0 0 0 0 0 0 0 0
115 0 115 115 111 112 112 112 112 112 112 117 117 111 115 115 115 115 115 115 119 115 115 115 0 0 204 204 204 204 200 204 200 200 204 200 204 204 115 118 118 118 115 111 115 115 118 118 118 115 111 0 0 0 0 0 0 0 0 201 204 204 204 204 115 111 111 111 111 0 0 0 0 0 0 0 0 0 0 0 0 0 0 0 0 0 0 0 0 0 0 0 0 0 0 0
111 0 111 115 115 117 117 117 112 112 112 117 117 115 115 115 115 115 115 115 119 119 115 115 0 0 204 204 204 204 204 204 204 204 200 200 204 200 115 115 115 115 115 115 115 111 115 115 115 119 115 0 0 0 0 0 0 0 0 197 200 200 200 200 0 0 0 0 0 0 0 0 0 0 0 0 0 0 0 0 0 0 0 0 0 0 0 0 0 0 0 0 0 0 0 0
115 115 111 111 111 112 112 115 117 117 117 117 117 115 111 115 115 115 115 115 115 115 115 0 0 0 204 0 204 204 204 204 200 200 200 200 204 204 115 118 118 118 118 115 118 118 118 115 118 118 119 0 0 0 0 0 0 0 0 201 204 204 204 0 0 0 0 0 0 0 0 0 0 0 0 0 0 0 0 0 0 0 0 0 0 0 0 0 0 0 0 0 0 0 0 0
