results analysis/Ohio_2020-4-20-16-56-48/Ohio_Seneca/runoff.asc
ncols        203
nrows        211
xllcorner    -83.420650180759
yllcorner    40.991889000000
dx           0.000278052272
dy           0.000278163319
NODATA_value 0
[rows 0 to 50 of 211, columns 96 to 191 of 203]
0 0 0 0 0 0 0 0 0 0 0 0 0 0 0 0 0 0 0 0 0 0 0 0 0 0 0 0 0 0 0 0 0 0 0 0 0 0 0 0 0 0 0 0 0 0 0 0 0 0 0 0 0 0 0 0 0 0 0 0 0 0 0 0 0 0 0 0 0 0 0 0 0 0 0 0 0 0 0 0 0 0 0 0 0 0 0 0 0 0 0 0 0 0 0 0
0 0 0 0 0 0 0 0 0 0 0 0 0 0 0 0 0 0 0 0 0 0 0 0 0 0 0 0 0 0 0 0 0 0 0 0 0 0 0 0 0 0 0 0 0 0 111 116 111 0 0 0 0 0 0 0 0 0 0 0 0 0 0 0 0 0 0 0 0 0 0 0 0 0 0 0 0 0 0 0 0 0 0 0 0 0 0 0 0 0 0 0 0 0 0 0
0 0 0 0 0 0 0 0 0 0 0 0 0 0 0 0 0 0 0 0 0 0 0 0 0 0 0 0 0 0 0 0 0 0 0 0 0 0 0 0 0 0 0 0 0 0 111 0 115 0 0 115 115 111 111 111 111 111 0 0 0 0 0 0 0 0 0 0 0 0 0 0 0 0 0 0 0 111 111 0 0 0 0 0 0 0 0 0 0 0 0 0 0 0 0 0
0 0 0 0 0 0 0 0 0 0 0 0 0 0 0 0 0 0 0 0 0 0 0 0 0 0 0 0 0 0 0 0 0 0 0 0 0 0 0 0 0 0 0 0 111 111 111 111 111 111 111 111 111 111 111 111 111 111 111 111 0 0 0 0 0 0 0 0 0 0 0 0 0 0 0 0 0 111 111 111 0 0 0 0 0 0 0 0 0 0 0 0 0 0 0 0
0 0 0 0 0 0 0 0 0 0 0 0 0 0 0 0 0 0 0 0 0 0 0 0 0 0 0 0 0 0 0 0 0 0 0 0 0 0 0 0 0 0 0 111 111 111 111 111 111 111 111 111 111 111 111 111 111 111 111 111 0 0 0 0 111 115 111 0 0 0 0 0 0 0 111 111 115 111 111 111 111 111 0 0 0 0 0 0 0 0 0 0 0 0 0 0
0 0 0 0 0 0 0 0 0 0 0 0 0 0 0 0 0 0 0 0 0 0 0 0 0 0 0 0 0 0 0 0 0 0 0 0 0 0 0 0 0 0 0 111 111 111 111 111 111 111 111 111 111 111 111 111 111 111 111 115 115 111 111 111 111 111 111 111 0 0 0 0 0 0 111 115 115 111 111 111 111 111 111 111 111 0 0 0 0 0 0 0 0 0 0 0
0 0 0 0 0 0 0 0 0 0 0 0 0 0 0 0 0 0 0 0 0 0 0 0 0 0 0 0 0 0 0 0 0 0 0 0 0 0 0 0 0 0 0 111 111 111 111 111 111 115 115 111 111 111 111 111 111 111 111 111 111 115 115 111 111 111 111 111 111 0 0 0 0 111 111 111 111 111 111 111 111 111 111 111 111 111 111 0 0 0 0 0 0 0 0 0
0 0 0 0 0 0 0 0 0 0 0 0 0 0 0 0 0 0 0 0 0 0 0 0 0 0 0 0 0 0 0 0 0 0 0 0 0 0 0 0 0 0 0 111 111 111 111 111 115 111 111 110 110 110 111 111 111 111 111 111 111 115 119 115 115 116 116 116 111 111 111 111 111 111 111 111 111 111 111 111 111 111 111 111 111 111 111 111 0 0 0 0 0 0 0 0
0 0 0 0 0 0 0 0 0 0 0 0 0 0 0 0 0 0 0 0 0 0 0 0 0 0 0 0 0 0 0 0 0 0 0 0 0 0 0 0 0 0 0 111 111 111 111 111 115 111 110 110 110 110 110 111 111 111 111 111 111 111 120 116 111 111 111 111 111 111 111 111 111 111 111 111 111 111 111 111 111 111 111 111 111 111 111 111 111 0 0 0 0 0 0 0
0 0 0 0 0 0 0 0 0 0 0 0 0 0 0 0 0 0 0 0 0 0 0 0 0 0 0 0 0 0 0 0 0 0 0 0 0 0 0 0 0 0 111 111 111 111 111 111 115 111 110 110 110 110 110 111 111 111 111 111 111 111 120 0 0 0 0 0 0 0 0 0 0 0 0 0 0 111 111 111 111 111 111 111 111 111 111 110 110 111 111 0 0 0 0 0
0 0 0 0 111 0 0 0 0 0 0 0 0 0 0 0 0 0 0 0 0 0 0 0 0 0 0 0 0 115 115 115 115 111 111 111 111 111 111 111 111 111 0 0 0 0 0 0 0 0 0 0 0 0 0 0 0 0 111 116 116 117 0 0 0 0 0 0 0 0 0 0 0 0 0 0 111 111 111 111 111 111 111 111 111 111 111 110 110 111 111 111 111 0 0 0
0 0 111 111 111 115 204 118 0 0 0 0 0 0 0 0 0 0 115 0 0 0 115 111 115 115 111 111 111 111 111 111 115 116 116 111 111 111 111 111 111 111 0 0 0 0 0 0 0 0 0 0 0 0 0 0 0 0 111 111 111 114 0 0 0 0 0 0 0 0 0 0 0 0 0 0 111 111 111 111 111 111 111 111 111 110 110 110 110 111 111 111 111 0 0 0
0 197 197 197 197 200 200 111 0 0 0 0 0 0 0 0 0 114 114 114 114 115 115 114 117 115 115 115 115 115 115 115 115 111 117 117 114 115 114 114 114 118 0 0 0 0 0 0 0 0 0 0 0 0 0 0 0 0 0 0 0 0 0 0 0 0 0 0 0 0 0 0 0 0 0 0 111 111 111 111 111 111 111 111 110 110 110 111 111 111 111 111 111 0 0 0
115 200 197 197 197 197 197 197 0 0 0 0 0 0 0 0 0 0 115 115 114 117 118 117 117 117 118 118 118 118 118 118 118 114 114 118 118 117 117 117 117 114 0 0 0 0 0 0 0 0 0 0 0 0 0 0 0 0 0 0 0 0 0 0 0 0 0 0 0 0 0 0 0 0 0 0 111 111 111 111 111 111 110 110 110 110 111 111 111 111 111 111 111 0 0 0
200 200 200 197 197 197 197 197 0 0 0 0 0 0 0 0 0 0 115 115 117 114 115 114 117 117 115 115 115 115 115 115 115 114 114 115 115 115 114 114 114 114 0 0 0 0 0 0 0 0 0 0 0 0 0 0 0 0 0 0 0 0 0 0 0 0 0 0 0 0 0 0 0 0 0 0 0 111 111 111 111 111 110 110 110 110 111 111 111 111 115 118 0 0 0 0
200 200 200 197 201 201 201 201 0 0 0 0 0 0 0 0 0 115 115 118 117 114 115 114 117 114 115 115 115 115 115 115 115 114 114 115 115 115 114 114 114 114 0 0 0 0 0 0 0 0 0 0 0 0 0 0 0 0 0 0 0 0 0 0 0 0 0 0 0 0 0 0 0 0 0 0 0 114 111 111 111 111 110 110 110 110 111 111 111 115 115 0 0 0 0 0
204 204 204 201 201 197 197 197 0 0 0 0 0 0 0 0 0 118 117 117 114 114 114 114 117 115 115 115 115 115 115 115 114 114 114 115 115 115 115 115 114 114 0 0 0 0 0 0 0 0 0 0 0 0 0 0 0 0 0 0 0 0 0 0 0 0 0 0 0 0 0 0 0 0 0 0 0 114 111 111 111 111 111 111 111 111 111 111 115 115 111 0 0 0 0 0
118 204 204 201 197 201 201 201 201 0 0 0 0 0 0 0 0 0 114 114 114 114 114 115 118 114 114 115 115 115 115 115 114 115 115 115 115 115 115 115 114 0 0 0 0 0 0 0 0 0 0 0 0 0 0 0 0 0 0 0 0 0 0 0 0 0 0 0 0 0 0 0 0 0 0 0 0 114 111 111 111 111 111 111 111 111 111 115 115 69 0 0 0 0 0 0
111 200 200 204 204 200 197 197 201 0 0 0 0 0 0 0 0 115 115 115 118 117 117 117 117 114 115 115 115 115 115 115 114 115 115 115 115 115 111 0 0 0 0 0 0 0 0 0 0 0 0 0 0 0 0 0 0 0 0 0 0 0 0 0 0 0 0 0 0 0 0 0 0 0 0 0 115 115 115 111 111 191 191 191 200 200 200 197 197 197 0 0 0 0 0 0
115 200 200 200 200 204 200 197 197 0 0 0 0 0 0 0 0 0 0 118 117 115 115 114 114 115 111 111 0 115 115 115 115 115 115 115 0 0 0 0 0 0 0 0 0 0 0 0 0 0 0 0 0 0 0 0 0 0 0 0 0 0 0 0 0 0 0 0 0 0 0 0 0 0 0 0 0 115 115 111 111 191 191 191 191 191 204 200 200 0 0 0 0 0 0 0
200 200 200 200 204 204 204 201 201 201 201 0 0 0 0 0 111 0 111 111 111 111 0 0 0 0 0 111 111 111 111 111 0 111 0 0 111 111 111 111 111 115 0 0 0 0 0 0 0 0 0 0 0 0 0 0 0 0 0 0 0 0 0 0 0 0 0 0 0 0 0 0 0 0 0 0 0 115 115 115 114 111 191 191 191 195 200 204 200 0 0 0 0 0 0 0
200 200 200 200 200 200 200 197 197 197 197 0 0 0 0 0 111 0 111 111 111 111 0 0 0 0 0 111 111 111 111 111 0 111 0 0 111 111 111 111 111 115 0 0 0 0 0 0 0 0 0 0 0 0 0 0 0 0 0 0 0 0 0 0 0 0 0 0 0 0 0 0 0 0 0 0 0 115 115 115 115 111 191 191 191 191 204 200 200 0 0 0 0 0 0 0
200 200 200 200 200 200 200 200 200 200 197 0 0 0 111 111 111 111 111 111 111 111 111 111 111 111 111 111 111 111 111 111 111 111 111 111 111 111 111 111 111 115 0 0 0 0 0 0 0 0 0 0 0 0 0 0 0 0 0 0 0 0 0 0 0 0 0 0 0 0 0 0 0 0 0 0 0 115 115 115 115 111 191 191 195 191 200 200 200 0 0 0 0 0 0 0
200 200 200 200 200 200 200 200 200 0 0 0 0 0 0 0 111 111 111 111 111 111 111 111 111 111 111 111 111 111 111 111 111 111 111 111 111 111 111 111 111 114 0 0 0 0 0 0 0 0 0 0 0 0 0 0 0 0 0 0 0 0 0 0 0 0 0 0 0 0 0 0 0 0 0 0 0 115 115 115 115 111 191 191 191 191 200 200 200 0 0 0 0 0 0 0
111 200 200 200 200 200 200 200 200 0 0 0 0 0 111 111 111 111 111 111 111 111 111 111 111 111 111 111 111 111 111 111 111 111 111 111 111 111 111 111 111 0 0 0 0 0 0 0 0 0 0 0 0 0 0 0 0 0 0 0 0 0 0 0 0 0 0 0 0 0 0 0 0 0 0 0 0 0 111 115 114 111 191 191 191 191 200 200 200 0 0 0 0 0 0 0
111 200 111 111 200 200 200 200 200 111 111 0 0 0 111 111 111 111 111 111 111 111 111 111 111 111 111 111 111 111 111 111 114 111 111 111 111 111 111 111 111 0 0 0 0 0 0 0 0 0 0 0 0 0 0 0 0 0 0 0 0 0 0 0 0 0 0 0 0 0 0 0 0 0 0 0 0 0 0 0 0 0 191 191 191 191 200 200 200 111 0 0 0 0 0 197
111 200 111 111 200 200 200 200 200 111 111 0 0 0 111 111 111 111 111 111 111 111 111 111 111 111 111 111 111 111 111 111 114 111 111 111 110 110 110 110 110 0 0 0 0 0 0 0 0 0 0 0 0 0 0 0 0 0 0 0 0 0 0 0 0 0 0 0 0 0 0 0 0 0 0 0 0 0 0 0 0 0 191 191 200 200 191 191 191 111 111 111 191 191 191 191
111 111 111 111 111 111 111 111 111 111 111 111 111 0 111 111 111 111 111 111 111 111 111 0 0 0 0 0 0 0 0 0 0 0 67 68 148 148 148 148 148 0 0 0 0 0 0 0 0 0 0 0 0 0 0 0 0 0 0 0 0 0 0 0 0 0 0 0 0 0 0 0 0 0 0 0 0 0 0 0 0 114 114 114 114 115 115 114 114 114 114 114 114 111 191 191
111 111 111 111 111 111 111 111 111 111 111 111 111 0 111 111 111 111 111 111 111 111 111 0 0 0 0 0 0 0 0 0 0 0 191 191 200 200 200 200 200 200 0 0 0 0 0 0 0 0 0 0 0 0 0 0 0 0 0 0 0 0 0 0 0 0 0 0 0 0 0 0 0 0 0 0 0 0 0 0 0 114 114 114 114 115 115 115 115 114 114 114 111 111 200 200
111 111 111 111 111 111 111 111 111 111 111 111 111 111 0 0 111 111 111 111 111 111 111 0 0 0 0 0 0 0 0 0 0 191 191 191 200 200 200 200 200 200 0 0 0 0 0 0 0 0 0 0 0 0 0 0 0 0 0 0 0 0 0 0 0 0 0 0 0 0 0 0 0 0 0 0 0 0 0 0 0 114 114 114 115 115 115 115 115 114 114 111 111 191 200 200
111 111 111 111 111 111 111 111 111 111 111 111 111 111 111 111 111 111 111 111 111 111 111 114 0 0 0 0 0 0 0 0 191 191 191 191 200 200 200 200 200 200 0 197 0 0 0 0 115 197 197 191 191 191 0 0 0 0 0 0 0 0 0 0 0 0 0 0 0 0 0 0 0 0 0 0 0 0 0 0 0 0 111 114 115 115 115 115 111 111 111 111 191 191 200 200
112 112 111 111 111 111 111 111 111 111 111 111 111 111 111 111 111 111 111 111 111 111 111 114 0 0 0 0 0 0 0 0 191 191 191 191 191 191 191 200 200 200 0 197 0 0 0 0 115 201 201 201 195 195 0 0 0 0 0 0 0 0 0 0 0 0 0 0 0 0 0 0 0 0 0 0 0 0 0 0 0 0 111 117 114 115 115 115 111 111 111 111 191 191 200 200
112 112 112 111 111 111 111 200 111 111 111 111 111 111 111 111 111 111 111 111 111 111 111 111 0 0 0 0 0 0 0 67 191 191 191 200 200 200 200 200 200 0 200 200 197 197 197 201 201 197 197 191 191 191 197 197 197 201 201 0 0 0 0 0 0 0 0 0 0 0 0 0 0 0 0 0 0 0 0 0 0 0 191 191 191 191 200 200 200 200 191 191 191 191 200 200
112 112 112 112 112 112 111 200 200 200 191 111 111 111 200 200 200 200 191 191 191 111 111 191 67 67 0 191 191 191 191 200 200 200 200 200 200 200 200 200 200 200 200 200 200 200 197 201 201 197 201 201 201 201 197 197 197 197 197 0 0 0 0 0 0 0 0 0 0 0 0 0 0 0 0 0 0 0 0 0 0 0 195 191 191 200 200 191 191 191 191 191 200 200 200 200
112 112 112 112 112 112 111 200 200 200 200 191 191 191 191 195 204 204 204 204 195 195 116 116 191 191 206 206 206 206 191 191 191 191 191 191 191 195 204 204 204 204 0 204 200 200 200 200 204 201 201 197 197 201 197 197 197 191 191 111 116 0 0 0 0 0 0 0 0 0 0 0 0 0 0 0 0 111 114 115 114 195 191 191 200 200 200 200 200 191 191 191 200 200 200 200
112 112 112 112 112 112 111 200 200 200 200 195 191 191 191 191 200 200 200 200 191 111 111 191 195 195 212 212 212 212 195 195 191 195 195 195 195 195 200 200 200 200 0 204 204 204 204 204 204 201 197 201 201 201 201 201 201 195 195 0 0 0 0 0 0 0 0 0 0 0 0 0 0 0 114 115 111 114 114 115 114 111 191 191 200 200 200 200 200 191 191 191 200 200 200 200
116 116 116 116 116 116 116 204 204 204 204 200 191 191 191 191 191 191 191 191 191 111 111 191 191 206 206 206 206 206 206 212 212 212 212 206 206 206 200 200 200 200 0 200 200 200 200 200 204 200 204 200 197 201 197 197 197 191 191 0 0 0 0 0 0 0 0 0 0 0 0 0 0 0 115 115 111 115 115 115 115 111 191 191 191 200 200 200 200 191 191 191 191 191 200 200
112 112 112 112 112 112 112 111 200 200 200 200 191 191 191 191 191 191 191 111 111 111 111 191 191 206 206 206 206 206 206 206 212 212 212 212 212 212 212 204 204 204 0 204 204 200 200 191 195 191 195 200 200 204 197 197 197 197 197 0 0 0 0 0 0 0 0 0 0 0 0 0 115 115 115 115 115 115 115 115 115 111 191 191 191 200 111 111 200 200 205 191 191 191 200 200
112 112 112 112 112 112 112 191 191 191 200 200 200 200 200 200 191 191 191 111 111 111 111 111 191 191 191 191 191 191 191 191 191 206 212 200 200 206 206 200 200 0 0 200 204 204 200 191 195 191 195 195 204 204 200 197 197 197 197 69 72 115 0 0 0 0 0 0 0 0 0 0 111 115 115 115 115 115 115 115 114 114 111 111 111 111 111 111 111 111 112 112 111 111 111 111
111 112 112 112 112 112 112 206 191 191 191 200 200 200 200 200 200 191 191 67 67 111 111 111 200 200 191 191 191 191 206 206 206 206 212 200 200 200 200 200 200 0 200 200 200 204 204 204 204 195 191 191 195 195 200 200 200 197 197 111 111 111 111 115 118 115 111 111 114 114 114 114 115 115 115 115 115 115 115 115 114 111 111 111 112 111 111 115 111 112 112 112 111 111 111 111
111 112 112 112 112 112 112 206 191 191 191 200 200 200 200 200 200 111 111 111 111 111 111 111 200 200 191 191 191 191 206 206 206 206 212 200 200 200 200 200 200 200 0 200 200 200 200 200 204 195 191 191 191 191 200 200 200 197 197 111 111 111 111 111 111 111 111 111 111 114 114 114 115 115 115 115 115 115 115 111 111 111 111 111 112 116 116 115 111 112 112 112 111 111 111 111
111 111 111 111 111 111 111 191 191 191 191 191 191 200 200 200 200 111 111 111 111 111 111 111 200 200 200 200 191 191 191 191 206 206 216 212 204 204 204 204 204 204 0 204 200 200 200 200 204 200 195 191 191 191 191 200 200 197 197 111 111 111 111 111 111 111 111 111 111 114 114 114 115 115 115 115 115 115 115 111 111 111 112 112 117 117 111 111 111 112 112 112 111 111 112 111
111 111 111 111 111 111 111 191 191 191 191 191 191 191 191 200 200 111 111 111 111 111 111 191 191 191 200 200 200 200 191 191 191 206 206 206 200 200 200 200 200 200 0 204 204 200 200 200 204 200 204 204 191 191 191 191 200 200 200 115 115 111 111 111 111 111 111 111 111 114 114 115 111 115 115 115 115 115 115 115 114 111 112 112 117 112 112 111 111 111 112 111 112 112 112 111
111 111 111 111 111 111 111 200 200 200 191 191 191 191 191 191 191 111 111 111 111 111 111 200 200 200 200 200 200 200 200 204 212 206 206 206 206 206 200 200 200 200 0 200 204 200 206 204 204 200 204 200 191 191 191 191 191 191 114 111 111 111 111 111 111 111 111 111 111 114 115 115 115 115 115 115 115 115 115 115 114 111 111 111 116 111 112 112 112 111 112 111 111 111 112 112
111 111 111 111 111 111 111 200 200 200 200 200 191 191 191 191 111 111 111 111 111 111 111 115 200 200 206 206 206 206 206 216 212 212 212 212 212 212 212 212 204 212 0 204 212 206 212 212 212 212 204 200 195 191 191 200 195 204 115 111 111 111 111 111 111 111 112 112 112 114 115 115 115 115 115 115 115 115 115 115 114 111 111 111 117 111 112 112 112 111 112 112 112 112 112 112
111 111 111 111 111 111 111 200 200 200 200 200 191 191 191 191 111 111 111 111 111 111 111 115 200 200 206 206 206 206 212 212 206 206 206 206 206 0 0 3 46 0 0 204 212 212 212 212 206 206 200 204 195 191 191 200 191 200 200 116 115 115 116 116 116 116 117 112 112 114 115 115 115 111 111 111 111 111 115 115 114 111 114 114 115 114 112 115 112 111 112 112 112 112 112 112
111 111 111 111 111 111 111 200 200 200 200 200 191 191 191 191 111 111 111 111 111 111 116 119 212 206 212 212 212 212 212 212 212 212 212 212 212 0 0 51 51 0 0 212 206 212 206 206 206 212 212 204 204 204 200 200 200 200 200 111 111 111 111 111 111 111 112 112 112 115 115 115 115 111 111 111 111 111 114 117 115 112 115 117 115 115 112 115 112 112 112 112 112 112 112 112
111 111 111 111 111 111 111 200 200 200 200 200 200 191 191 191 111 111 111 111 111 116 116 116 195 212 212 212 212 212 212 212 212 212 212 212 212 116 0 212 212 0 206 206 14 73 206 206 212 212 206 206 212 212 212 204 204 204 204 111 111 111 111 111 111 111 112 112 112 115 115 115 112 112 112 111 111 112 112 117 117 117 117 117 115 115 115 115 115 115 115 112 115 115 115 115
116 111 111 111 115 115 115 200 200 200 200 200 200 200 200 200 111 111 111 116 116 116 116 116 195 195 195 212 212 212 212 212 212 212 212 212 212 0 0 51 51 51 0 206 51 51 206 206 206 206 206 212 212 206 206 206 206 191 191 116 116 116 116 116 117 117 112 112 112 115 115 115 115 112 112 112 112 112 112 112 112 115 115 115 115 113 115 115 115 115 115 115 115 115 115 115
112 111 111 111 111 111 111 204 200 200 200 200 200 200 200 200 195 198 116 116 115 50 0 204 204 204 204 204 204 204 204 204 200 200 200 200 200 200 0 46 46 200 0 200 200 200 200 206 212 206 212 212 212 206 206 206 206 200 200 69 69 112 112 112 110 110 110 110 110 112 112 115 112 112 112 112 115 112 112 112 112 115 115 115 115 115 113 115 115 115 115 113 115 115 115 115
112 111 111 111 111 111 111 204 200 200 200 200 200 204 204 204 195 195 195 191 204 204 0 204 204 204 204 204 200 200 200 200 200 200 200 200 200 200 200 200 200 200 0 200 200 200 200 206 212 212 212 206 212 212 206 206 206 200 200 115 115 116 116 112 110 110 110 110 110 112 112 112 112 112 115 115 112 112 112 112 112 115 115 115 115 115 113 115 115 115 115 113 115 115 115 115
