results analysis/Ohio_2020-4-20-16-56-48/Ohio_Seneca/runoff.asc
ncols        203
nrows        211
xllcorner    -83.420650180759
yllcorner    40.991889000000
dx           0.000278052272
dy           0.000278163319
NODATA_value 0
[rows 102 to 152 of 211, columns 0 to 95 of 203]
0 111 111 111 111 111 111 111 111 111 115 115 115 110 110 110 110 110 110 110 110 110 110 110 110 110 110 112 112 116 116 116 112 116 118 118 118 118 118 118 118 118 118 116 115 115 111 111 111 111 111 111 111 111 111 111 111 111 111 111 115 115 120 116 116 116 116 116 120 204 204 208 210 117 112 121 117 111 0 0 0 0 0 0 0 115 115 115 115 115 111 111 111 111 111 111
0 111 111 111 111 111 111 111 110 110 115 110 110 115 115 114 114 110 110 110 110 110 110 110 110 112 112 112 116 112 112 112 116 112 114 114 118 118 118 118 118 118 118 116 115 115 115 115 115 115 115 115 115 115 115 115 115 115 115 115 115 115 115 115 115 115 115 115 0 0 200 115 117 117 112 119 119 115 115 115 0 0 0 0 0 0 0 0 111 115 115 115 115 115 115 115
0 0 0 111 111 111 111 111 110 115 115 115 110 110 110 110 114 110 113 113 113 113 113 114 114 114 114 114 118 112 114 114 114 118 118 118 118 118 118 118 118 118 118 116 115 119 119 119 115 115 115 115 115 115 115 115 115 115 115 115 115 115 115 115 115 115 115 115 0 0 0 0 0 0 115 119 121 115 121 115 0 0 0 0 0 0 0 0 0 0 111 111 111 111 111 115
0 0 0 115 115 115 115 115 115 115 110 110 115 110 110 110 110 114 113 113 113 113 113 114 114 114 114 118 114 112 114 114 114 114 114 114 114 114 114 114 114 114 118 116 115 115 115 111 115 118 118 118 118 115 115 115 115 115 115 115 115 115 111 115 115 115 115 111 0 0 0 0 0 0 115 115 121 118 121 115 0 0 0 0 0 0 0 0 0 0 111 111 111 111 111 111
0 115 111 111 111 110 110 110 115 115 110 110 115 110 110 110 113 113 116 113 113 113 114 114 114 114 114 118 114 114 114 114 114 114 114 114 114 114 114 114 114 114 114 114 110 110 110 110 111 110 110 110 110 110 115 115 115 115 115 115 115 115 111 111 111 115 111 111 0 0 0 0 0 0 118 121 118 118 118 115 0 111 111 115 0 0 0 0 0 0 0 0 0 0 115 111
0 115 111 110 110 110 110 110 115 115 110 115 110 110 110 110 110 110 117 114 114 114 114 114 114 114 114 118 118 114 114 114 114 114 114 114 114 114 114 114 114 114 114 114 110 110 110 110 110 110 110 110 110 110 110 110 110 110 110 110 111 111 110 110 110 0 0 0 0 0 0 0 0 0 112 121 121 116 116 116 115 111 111 111 111 111 111 112 0 0 0 0 0 0 0 0
0 115 62 110 110 110 110 110 115 115 115 110 110 110 110 110 110 110 116 113 113 116 117 117 114 114 114 114 118 114 114 114 114 114 114 114 114 114 114 114 114 114 114 114 112 110 110 110 110 110 110 110 110 110 110 110 110 110 110 110 112 112 112 110 0 0 0 0 0 200 200 0 0 196 112 201 204 204 116 116 116 112 112 116 112 112 112 112 112 0 0 0 0 0 0 0
0 115 115 115 115 115 115 115 115 115 114 110 110 110 110 110 113 113 113 113 114 114 114 114 117 117 117 117 118 114 114 114 114 114 114 114 114 114 114 114 114 114 114 110 112 112 112 110 112 110 110 110 110 110 110 110 110 110 110 112 112 112 112 110 0 110 148 200 200 200 200 200 200 196 201 201 204 201 201 112 112 116 112 112 112 112 112 112 112 111 111 111 111 111 0 0
0 41 110 110 110 110 110 110 115 115 114 110 110 110 110 110 113 113 113 113 114 114 114 114 114 114 114 114 114 114 114 114 114 114 114 114 114 114 114 114 114 114 114 110 112 112 112 110 112 110 110 110 110 110 110 110 110 110 110 112 112 112 112 110 0 110 148 200 200 200 200 200 204 196 201 201 201 201 204 112 112 116 112 112 112 112 112 112 112 111 111 111 111 111 0 0
0 115 110 110 110 110 110 110 115 110 114 114 110 110 110 110 113 113 114 114 114 114 114 114 114 114 114 114 114 114 114 114 114 114 114 114 114 114 114 114 114 110 110 110 110 112 112 112 112 110 110 110 110 112 112 112 112 112 112 112 112 112 112 110 110 110 148 200 200 204 204 204 204 204 201 196 201 204 116 116 116 116 112 112 116 116 116 115 115 115 115 115 115 115 111 115
0 115 115 115 115 115 115 110 110 110 110 114 110 110 110 110 113 114 114 114 114 114 114 114 114 114 114 114 114 114 114 114 114 114 114 114 114 114 114 114 114 114 114 110 110 112 112 112 112 112 112 112 112 112 112 112 112 112 110 113 110 114 110 114 114 115 115 115 204 204 200 200 200 204 204 201 201 201 116 116 116 112 112 112 116 112 112 111 111 111 111 111 111 115 115 115
0 110 110 110 110 110 110 110 110 110 115 110 110 110 110 110 62 114 114 114 114 114 114 114 114 114 114 114 114 114 114 114 114 114 114 114 114 114 114 114 114 114 114 114 110 116 116 116 116 116 116 116 112 110 110 110 110 110 110 110 114 110 110 110 110 111 111 111 200 200 200 200 204 204 196 201 201 201 121 116 112 112 112 116 116 111 111 111 111 111 111 111 111 111 115 115
0 110 110 110 110 110 110 110 110 115 110 110 110 110 110 110 110 110 62 62 114 114 114 114 114 114 114 114 114 114 114 114 114 114 114 114 114 118 118 118 118 118 118 72 116 116 116 116 116 116 112 116 114 110 110 110 110 110 110 114 110 110 110 110 17 17 150 150 204 204 204 204 204 196 196 196 201 204 116 116 121 121 121 121 116 112 112 112 111 112 112 112 112 112 116 116
0 110 110 110 115 115 110 110 110 110 110 110 110 110 110 110 110 110 62 62 114 114 114 114 114 114 114 114 114 114 114 114 114 114 114 114 118 114 114 114 114 114 114 12 112 116 112 112 112 116 116 116 110 110 110 110 110 110 110 114 114 110 110 110 17 17 150 150 204 204 204 204 204 201 201 201 201 201 116 116 116 116 116 116 116 121 116 116 115 116 116 116 116 116 116 116
0 38 115 110 115 110 110 110 110 110 110 110 110 110 110 110 110 110 110 62 62 62 62 114 114 114 114 114 114 114 114 114 114 114 114 114 118 114 114 114 114 112 112 112 112 112 112 116 112 116 116 112 110 110 110 110 110 112 112 110 114 114 114 19 19 19 19 19 155 155 155 155 155 150 196 201 201 201 116 116 116 116 116 116 116 121 116 116 116 116 116 116 116 116 116 121
0 113 109 109 109 110 110 110 110 110 110 110 110 110 110 110 62 62 62 62 62 62 62 62 114 114 114 114 110 110 110 110 112 112 112 112 116 116 116 116 116 118 120 117 116 116 112 112 112 116 116 112 112 112 112 112 112 112 112 112 110 110 110 110 17 17 17 17 150 150 150 150 150 155 155 196 201 201 201 116 116 116 116 116 116 116 121 121 116 116 116 116 116 116 116 121
0 38 109 126 126 126 3 3 143 143 143 62 62 62 62 110 110 110 110 110 110 62 62 62 110 114 114 114 110 110 110 110 112 114 112 114 112 112 112 112 112 112 112 112 112 117 112 112 112 116 112 112 112 112 112 112 112 112 112 112 110 110 110 110 110 110 110 17 17 150 150 150 150 150 150 155 0 0 19 19 19 19 116 116 116 116 112 116 116 116 116 112 116 116 116 116
0 126 126 126 126 126 126 126 212 212 0 212 212 212 0 62 110 110 110 110 110 110 110 110 12 12 12 12 12 114 112 12 12 112 112 112 112 112 112 112 112 112 112 112 112 112 112 112 112 112 112 112 112 112 112 110 110 110 112 110 110 110 110 17 17 17 17 17 17 150 150 150 150 150 150 150 155 150 19 20 20 20 20 20 116 116 116 116 116 121 120 120 116 116 111 116
0 126 126 126 126 126 126 126 212 212 0 212 212 212 0 62 110 110 110 110 110 110 110 110 12 12 12 12 12 114 112 12 12 112 112 112 112 112 112 112 112 112 112 112 112 112 112 112 112 112 112 112 112 112 112 110 110 110 112 110 110 110 110 17 17 17 17 17 17 150 150 150 150 150 150 150 150 150 17 17 17 17 17 17 116 112 112 112 112 112 111 111 116 116 116 116
0 126 126 126 126 126 126 126 126 126 126 126 126 212 212 3 0 0 117 117 62 110 110 12 12 114 114 114 114 12 0 110 112 112 112 112 112 112 112 110 110 110 110 112 110 110 110 110 112 112 112 112 110 110 110 110 110 110 110 110 110 110 110 17 17 17 17 17 17 17 150 150 150 150 150 150 150 150 17 17 17 17 17 17 17 17 17 17 17 111 111 111 111 116 112 112
0 0 0 52 0 0 0 0 126 126 126 126 126 126 126 126 0 0 117 117 117 117 62 62 62 12 12 12 114 114 112 112 112 117 112 112 112 112 110 110 110 110 110 110 110 110 110 110 112 112 112 112 110 110 110 110 110 110 110 110 110 110 110 110 17 17 17 17 17 17 150 150 150 150 150 150 150 150 17 17 17 31 31 17 17 17 17 17 112 112 112 112 112 112 112 112
0 52 52 126 126 3 126 126 126 126 126 126 126 117 117 112 112 112 112 112 117 112 112 110 62 62 110 110 62 110 112 112 112 112 110 110 110 110 110 110 110 110 110 110 110 112 112 112 112 112 112 112 112 110 110 110 110 110 110 110 110 110 110 112 17 112 112 112 17 150 150 150 150 212 212 212 212 212 112 112 112 117 117 117 112 112 112 112 117 117 116 116 116 112 116 112
0 129 126 126 126 126 126 126 52 12 109 52 52 52 109 109 109 109 112 112 110 62 62 110 110 62 110 110 110 112 112 112 112 110 110 110 110 110 110 110 110 110 110 110 112 112 112 112 112 112 112 112 110 110 110 110 110 110 110 110 110 110 110 112 112 112 112 112 112 212 212 212 212 212 212 212 212 212 112 112 112 112 117 117 112 112 112 112 112 112 112 112 116 116 112 116
0 169 172 126 126 126 126 126 52 12 109 52 52 52 109 109 109 109 112 112 110 62 62 115 115 115 115 110 110 112 112 112 112 110 110 110 110 110 110 110 110 110 110 110 112 112 112 112 112 112 112 112 110 110 110 110 110 110 110 110 110 110 110 112 112 112 112 112 112 212 212 212 212 212 212 212 212 212 112 112 112 117 117 117 112 112 112 112 112 112 112 112 112 116 116 116
0 0 0 0 114 114 114 114 114 114 114 114 114 114 114 114 114 114 117 117 117 117 117 117 112 110 110 115 117 117 117 117 110 110 110 110 110 110 110 110 110 110 110 110 112 112 112 112 112 112 112 112 112 110 110 110 110 110 110 110 110 110 110 110 110 112 112 112 112 112 212 212 212 212 212 212 212 212 112 112 117 120 120 117 112 112 112 112 112 112 112 112 112 112 112 116
0 110 109 0 0 0 109 109 109 109 109 109 109 109 109 109 109 109 112 112 112 112 112 112 112 117 112 112 112 110 110 115 115 110 110 110 110 112 112 112 112 112 112 110 110 110 110 112 112 110 112 112 112 110 110 110 110 110 110 110 110 110 110 110 110 110 110 112 112 110 190 190 190 190 190 216 216 216 117 117 112 120 120 112 112 112 112 112 112 112 112 112 112 112 112 116
0 110 110 110 109 114 114 114 114 114 114 114 114 71 114 114 114 114 114 114 114 114 114 114 114 117 117 112 112 110 115 115 110 110 110 112 112 112 112 112 112 112 112 112 110 110 110 110 110 112 112 112 112 110 110 110 110 110 110 110 110 110 110 110 110 110 110 110 110 110 114 190 190 190 190 190 190 190 117 112 112 120 117 112 112 112 112 112 112 112 112 112 112 112 112 112
0 61 61 61 115 115 110 109 109 109 109 12 12 109 109 109 109 109 109 109 109 109 109 109 109 109 114 114 117 117 117 112 110 110 110 110 110 110 112 112 112 112 112 112 110 110 110 110 112 112 112 112 112 110 110 110 110 110 110 110 110 110 110 110 110 110 110 110 110 110 110 148 148 148 148 148 148 148 110 112 112 117 117 112 112 117 117 117 117 117 117 117 117 117 117 117
0 61 61 65 115 110 110 109 109 109 109 12 12 109 109 109 109 109 109 109 109 109 109 109 109 109 109 109 112 112 112 112 110 110 110 110 110 110 112 112 112 112 112 112 110 110 110 110 112 112 112 112 112 110 110 110 110 110 110 110 110 110 110 110 110 110 110 110 110 110 110 148 148 148 148 148 148 148 110 112 112 112 112 117 112 117 117 117 117 117 117 117 117 117 120 120
0 61 65 61 70 110 110 110 109 109 109 109 109 109 109 109 109 109 109 109 109 109 109 109 109 109 109 109 112 112 112 112 112 114 110 110 110 110 114 114 112 112 112 112 112 110 110 110 110 110 110 110 110 110 110 110 110 110 110 110 110 110 110 110 110 110 110 110 110 110 112 112 112 112 117 112 112 112 112 112 112 112 112 112 112 112 112 112 112 112 112 112 112 110 117 117
0 70 75 70 70 70 70 70 0 62 110 110 109 109 109 109 109 109 112 112 112 112 112 109 109 109 109 109 109 112 112 112 114 114 114 114 114 114 114 114 114 114 114 114 114 110 110 110 110 110 110 110 110 110 110 110 110 110 110 110 110 110 110 110 110 110 110 112 112 112 112 112 112 112 112 112 112 110 112 112 112 112 112 110 110 110 110 110 112 112 112 112 112 110 110 112
0 70 75 70 70 70 70 70 70 62 110 110 109 109 109 109 109 109 109 109 109 109 112 112 112 109 109 109 109 114 114 114 114 114 114 114 114 114 114 114 114 114 114 114 114 114 114 110 110 110 110 110 110 110 110 110 110 110 110 110 110 110 110 110 110 112 112 112 112 112 112 112 112 112 112 112 112 110 110 110 112 112 112 110 110 110 110 112 112 112 112 112 112 110 110 112
0 65 70 70 70 70 70 70 70 70 61 61 110 110 109 109 109 109 109 109 109 109 109 109 112 109 109 109 109 114 114 114 114 114 114 114 114 114 114 114 114 114 114 114 114 110 110 110 110 110 110 110 110 110 110 110 110 110 110 110 110 110 110 110 112 112 112 112 112 112 112 112 112 112 112 112 112 112 110 110 112 112 110 110 110 112 112 112 112 112 112 112 110 110 110 110
0 68 75 75 75 75 70 70 70 70 61 65 110 110 109 109 109 109 109 109 109 109 109 109 112 109 109 109 109 114 114 114 114 114 114 114 114 114 114 114 114 114 114 114 114 110 110 110 110 110 110 110 110 110 110 110 110 110 110 110 110 110 110 110 112 112 112 112 112 112 112 112 112 112 112 112 112 112 110 110 112 112 110 110 110 112 112 112 112 112 112 112 110 110 110 110
0 68 68 75 65 65 65 65 75 75 65 65 65 110 110 109 109 110 109 109 109 109 109 109 109 109 109 109 114 114 114 13 13 114 114 114 114 114 114 114 114 114 114 114 114 114 114 110 110 110 110 110 110 110 110 110 110 110 110 110 110 110 110 112 112 112 117 112 112 112 112 112 112 110 114 110 110 110 110 110 110 110 110 110 110 112 112 112 112 112 110 110 110 110 110 110
0 60 60 68 65 75 75 75 75 75 75 65 65 115 110 110 110 110 110 110 109 109 110 110 110 109 109 114 114 114 114 114 114 122 118 118 118 118 114 114 114 114 110 110 110 110 110 110 110 110 110 110 110 110 110 110 110 110 110 115 115 115 115 117 117 117 117 117 112 117 110 110 110 110 110 110 110 110 110 110 110 110 110 110 110 110 110 110 110 110 110 110 110 0 110 110
0 0 0 60 75 68 68 68 68 68 60 60 60 115 115 60 57 110 110 110 110 110 110 110 110 110 110 110 114 114 114 114 118 114 113 113 109 114 114 114 114 109 109 106 106 106 106 106 106 106 106 106 110 110 110 110 110 115 118 118 117 117 117 117 117 112 112 117 115 115 110 110 110 110 114 114 110 110 110 110 110 110 110 110 110 110 110 115 115 115 114 68 68 113 110 114
0 65 68 68 68 68 68 68 68 68 60 60 60 60 60 60 60 57 57 110 110 110 110 110 114 114 114 114 114 114 109 114 114 114 117 114 114 109 109 109 114 109 109 109 109 109 109 106 106 106 106 111 115 115 115 115 115 115 115 117 117 117 117 117 117 112 112 115 110 115 115 115 110 110 115 110 110 110 110 110 110 110 110 110 110 110 110 115 110 110 114 68 68 110 110 110
0 65 68 68 71 68 68 68 68 68 60 60 60 60 60 60 60 57 60 115 115 110 110 110 114 114 114 109 109 109 114 109 109 114 117 114 114 109 109 109 114 117 117 117 117 117 117 111 111 111 111 111 115 115 115 118 115 115 115 117 117 117 117 117 117 117 117 110 110 110 115 115 115 110 115 115 115 115 115 115 115 115 115 115 115 115 115 115 115 115 114 73 73 114 114 114
0 65 65 65 68 68 65 65 65 65 57 60 60 60 60 60 60 60 57 115 115 115 110 114 109 109 114 110 107 114 109 109 109 109 109 109 109 109 109 109 114 114 114 114 114 114 109 109 106 106 106 106 110 110 115 115 115 115 117 117 117 112 112 112 112 115 115 110 115 110 110 115 115 115 110 115 110 115 110 110 110 110 110 110 110 110 110 110 115 114 114 73 73 114 114 114
0 68 68 68 60 65 68 68 68 68 65 57 60 60 57 60 60 57 57 115 115 110 110 107 107 107 107 107 107 107 109 109 109 109 109 109 109 109 109 109 109 109 109 109 109 114 109 109 109 109 109 0 0 0 118 115 115 110 110 112 117 112 112 110 115 115 115 115 110 110 115 115 115 110 110 110 110 110 110 110 110 110 110 110 110 110 110 110 110 110 110 110 110 113 110 110
0 0 0 0 45 0 0 0 0 60 57 57 60 60 57 57 60 57 60 44 0 0 0 107 48 107 110 110 110 110 107 107 109 109 0 109 109 109 0 0 0 0 0 109 0 0 0 0 0 0 0 0 0 0 0 0 118 118 118 110 115 115 115 115 115 115 115 110 110 110 115 110 110 110 110 110 114 114 114 114 114 110 110 110 110 114 110 110 114 114 122 114 114 118 114 114
0 0 0 0 0 0 0 0 166 166 166 166 164 57 60 60 44 44 47 47 0 0 0 0 0 0 0 0 0 107 110 107 107 107 0 0 0 0 0 0 0 0 0 0 0 0 0 0 0 0 0 0 0 0 0 0 0 0 118 115 115 110 110 110 115 115 110 110 106 111 111 106 111 106 106 106 114 114 114 114 114 114 114 114 114 114 114 114 114 114 118 118 118 118 118 118
0 0 0 0 0 0 0 0 166 166 170 164 164 44 44 47 47 44 44 44 0 0 0 0 0 0 0 0 0 110 110 107 107 107 0 0 0 0 0 0 0 0 0 0 0 0 0 0 0 0 0 0 0 0 0 0 0 0 114 111 111 106 106 106 111 111 111 111 106 106 106 111 106 106 106 106 114 114 114 114 114 114 114 114 114 114 114 114 114 114 118 118 118 118 118 118
0 0 0 0 0 0 0 0 169 170 151 47 44 44 44 44 47 44 44 47 0 0 0 0 0 0 0 0 110 110 110 107 107 107 0 0 0 0 0 0 0 0 0 0 0 0 0 0 0 0 0 0 0 0 0 0 109 109 0 109 106 106 106 106 106 106 106 106 106 106 111 106 106 106 106 106 114 114 114 114 114 114 114 114 114 114 114 114 114 114 118 118 118 118 118 118
0 61 61 0 0 0 61 48 48 149 149 47 47 47 47 44 44 44 44 0 0 0 0 0 0 0 0 0 110 110 112 107 107 107 0 0 0 0 0 0 0 0 0 0 0 0 0 0 0 0 0 0 0 0 0 0 0 0 109 113 109 109 106 106 106 106 106 106 106 106 109 109 109 109 106 48 0 0 0 0 114 114 114 0 0 114 0 0 0 0 114 114 118 118 114 114
0 61 61 61 68 48 54 54 56 149 149 47 47 47 47 47 47 47 47 0 0 0 0 0 0 0 0 0 106 110 112 107 107 107 0 0 0 0 0 0 0 0 0 0 0 0 0 0 0 0 0 0 0 0 0 0 0 0 0 113 109 109 109 109 106 106 106 106 106 109 109 109 109 109 109 0 0 0 0 0 0 0 0 0 0 0 0 0 0 0 0 114 114 114 114 114
0 70 56 56 56 50 50 48 50 51 149 149 149 47 44 47 47 47 47 0 0 0 0 0 0 0 0 0 47 110 110 107 107 107 107 0 0 0 0 0 0 0 0 0 0 0 0 0 0 0 0 0 0 0 0 0 0 0 109 109 109 109 109 109 109 106 106 106 106 109 109 109 109 109 109 0 0 0 0 0 0 0 0 0 0 0 0 0 0 0 114 114 110 114 114 114
0 54 54 54 54 48 48 48 48 47 149 149 149 47 47 44 44 44 44 0 0 0 0 0 0 0 0 0 47 110 110 107 107 107 107 0 0 0 0 0 0 0 0 0 0 0 0 0 0 0 0 0 0 0 0 0 0 0 109 109 109 109 114 109 109 106 106 106 106 109 109 109 109 109 109 0 0 0 0 0 0 0 0 0 0 0 0 0 0 0 114 114 110 114 114 114
0 51 56 56 50 48 50 50 56 56 0 149 149 50 54 50 50 47 47 0 33 0 0 0 0 0 0 0 47 47 110 107 44 107 0 0 0 0 0 0 0 0 0 0 0 0 0 0 0 0 0 0 0 0 0 0 0 0 0 109 109 114 109 109 109 106 106 106 109 109 109 109 109 109 109 109 0 0 0 0 0 0 0 0 0 0 0 0 0 0 0 118 114 114 114 114
0 33 48 48 48 48 48 50 0 0 0 50 50 50 50 50 50 33 39 39 0 0 0 0 0 0 0 0 39 47 47 44 44 107 0 0 0 0 0 0 0 0 0 0 0 0 0 0 0 0 0 0 0 0 0 0 0 0 0 101 109 109 109 109 109 109 109 106 106 109 109 109 109 109 109 0 0 0 0 0 0 0 0 0 0 0 0 0 0 0 0 118 114 114 114 114
