results analysis/Ohio_2020-4-20-16-56-48/Ohio_Seneca/runoff.asc
ncols        203
nrows        211
xllcorner    -83.420650180759
yllcorner    40.991889000000
dx           0.000278052272
dy           0.000278163319
NODATA_value 0
[rows 153 to 203 of 211, columns 0 to 95 of 203]
0 36 48 48 33 33 33 39 0 0 0 39 39 39 39 33 39 39 39 33 0 0 0 0 0 0 0 0 112 112 112 109 109 109 0 0 0 0 0 0 0 0 0 0 0 0 0 0 0 0 0 0 0 0 0 0 0 0 0 0 0 112 109 113 113 113 109 109 109 109 109 109 109 109 109 0 0 0 0 0 0 0 0 0 0 0 0 0 0 0 0 114 114 114 114 114
0 0 0 0 0 0 0 0 0 0 0 33 33 39 51 39 33 33 112 0 0 0 0 0 0 0 0 0 0 115 112 112 109 109 0 0 0 0 0 0 0 0 0 0 0 0 0 0 0 0 0 0 0 0 0 0 0 0 0 0 0 0 0 113 109 113 109 109 109 109 109 109 109 109 109 109 0 0 0 0 0 0 0 0 0 0 0 0 0 0 0 114 114 114 114 114
0 0 0 0 0 0 0 0 0 0 0 33 33 39 51 39 39 39 109 0 0 0 0 0 0 0 0 0 0 112 112 112 112 112 0 0 0 0 0 0 0 0 0 0 0 0 0 0 0 0 0 0 0 0 0 0 0 0 0 0 0 0 0 113 109 113 109 109 109 109 109 109 109 109 109 109 0 0 0 0 0 0 0 0 0 0 0 0 0 0 0 114 114 114 114 114
0 0 0 0 0 0 0 0 0 0 0 33 33 39 0 0 0 0 112 0 0 0 0 0 0 0 0 0 0 0 0 112 112 112 0 0 0 0 0 0 0 0 0 0 0 0 0 0 0 0 0 0 0 0 0 0 0 0 0 0 0 0 0 113 109 113 0 0 109 0 109 109 109 109 109 109 0 0 0 0 0 0 0 0 0 0 0 0 0 0 0 114 114 114 114 114
0 0 0 0 33 0 0 0 0 0 0 0 0 0 0 0 0 0 0 0 0 0 0 0 0 0 0 0 0 0 112 112 112 112 0 0 0 0 0 0 0 109 109 0 0 0 0 0 0 0 0 0 0 0 0 0 0 0 0 0 0 0 0 0 0 0 0 0 0 109 109 109 109 0 0 0 0 0 114 114 114 114 48 0 0 0 48 48 48 48 48 48 48 0 0 0
0 48 48 39 33 33 33 33 39 33 33 33 33 33 33 39 39 33 33 33 33 0 0 0 0 39 112 112 112 112 112 112 112 112 0 112 0 0 0 113 109 109 109 0 0 0 0 0 0 0 0 0 0 0 0 0 0 0 101 0 0 0 0 0 0 0 0 0 0 0 109 109 109 109 109 0 0 0 109 113 103 103 48 48 48 48 48 48 48 48 48 48 48 48 48 48
0 48 48 33 33 33 33 33 39 33 33 33 33 33 33 33 39 39 39 39 39 0 0 0 0 0 0 0 39 39 39 39 115 112 0 107 0 0 114 109 109 109 109 109 0 0 0 0 0 0 0 0 0 0 0 0 113 101 101 101 0 0 0 0 0 0 0 0 0 0 113 109 109 109 109 0 113 113 109 109 103 103 103 48 48 48 48 48 48 48 48 48 48 48 48 48
0 48 48 33 33 39 33 33 39 33 33 33 33 33 33 33 33 33 33 33 33 0 0 0 0 0 0 0 39 39 39 39 112 112 0 107 0 0 114 109 109 109 109 109 0 0 0 0 0 0 0 0 0 0 0 0 113 101 101 101 0 0 0 0 0 0 0 0 0 0 113 109 109 109 109 0 113 113 109 109 103 103 103 48 48 48 48 48 48 48 48 48 48 48 48 48
0 47 39 39 39 39 33 39 39 33 33 33 33 33 33 33 33 33 33 33 33 0 0 0 0 0 33 39 39 112 112 109 112 112 112 107 0 0 109 109 109 109 109 0 0 0 0 0 0 0 0 0 0 0 0 0 0 0 103 103 0 0 0 0 0 0 0 0 0 0 101 112 112 109 0 109 109 109 109 109 103 103 103 103 103 103 103 48 48 48 48 48 48 48 48 48
0 34 33 33 33 33 39 39 39 39 39 39 39 33 33 33 33 33 33 33 0 0 0 0 0 0 0 0 112 109 109 112 112 109 115 107 107 107 103 109 109 109 109 0 0 0 0 0 0 0 0 0 0 0 0 0 0 0 0 0 0 0 0 0 0 0 0 0 0 0 112 112 112 109 0 109 109 109 109 109 109 113 103 103 103 48 48 48 48 48 48 48 48 48 48 48
0 39 39 39 39 39 39 39 39 33 33 33 39 39 39 39 33 33 33 39 0 0 0 0 0 6 33 39 39 33 112 112 112 109 112 112 107 107 107 107 109 109 109 109 0 0 0 0 0 0 0 0 0 0 0 0 0 0 0 0 0 0 0 0 103 0 0 0 0 0 0 112 112 109 109 0 0 0 152 109 113 113 103 103 103 108 108 108 108 108 108 108 48 108 108 108
0 33 33 33 33 33 33 39 33 33 33 33 33 33 33 39 39 39 39 39 33 0 0 150 150 146 148 148 146 188 188 112 112 109 112 112 112 112 107 107 107 107 109 109 0 0 0 0 0 0 0 0 0 0 0 0 0 0 0 0 0 113 101 103 103 101 103 101 101 0 0 112 112 118 0 0 0 0 0 0 113 113 113 103 103 103 103 108 108 108 108 108 108 108 108 108
0 33 33 39 39 39 39 39 39 39 39 39 39 33 33 33 33 33 39 39 33 0 0 150 147 146 148 148 148 188 185 112 112 109 115 112 107 112 107 107 107 107 109 114 0 0 0 0 0 0 0 0 0 0 0 0 0 0 0 0 0 117 103 103 103 103 103 103 101 0 0 112 112 121 0 0 0 0 0 0 113 113 113 103 103 103 103 108 108 108 108 108 108 108 108 108
0 111 111 39 39 39 39 39 39 33 33 33 33 33 33 33 33 33 39 39 33 0 0 150 146 146 148 188 185 185 185 112 112 109 112 107 103 107 107 107 107 107 109 114 0 0 0 0 0 0 0 0 0 0 0 0 117 117 114 0 0 117 103 103 103 103 103 101 101 0 0 0 0 118 0 0 0 0 0 0 109 113 103 103 103 103 103 103 108 108 108 108 103 103 108 108
0 108 108 33 33 33 33 39 39 39 39 39 39 39 33 33 33 33 39 39 33 0 0 0 0 0 0 0 146 146 146 50 50 109 112 112 110 107 107 107 107 107 109 0 0 0 0 0 0 0 0 0 0 0 0 0 0 0 113 0 0 0 0 0 103 103 103 103 101 0 0 0 0 0 0 0 0 0 0 0 0 109 109 109 109 103 103 103 106 103 106 106 106 103 103 108
0 111 111 111 39 39 39 39 39 39 33 33 33 33 33 33 33 33 39 39 33 0 0 0 0 0 0 0 0 148 148 50 50 0 188 112 112 107 103 107 107 107 107 0 0 0 0 0 0 0 0 0 0 0 0 0 0 0 0 0 0 0 0 0 0 101 0 0 0 0 0 0 0 0 0 0 0 0 0 0 0 109 32 109 109 109 109 109 106 106 111 108 111 111 111 111
0 33 108 107 107 33 33 39 39 39 39 39 39 39 39 39 39 39 39 39 0 33 39 0 39 0 0 0 0 61 0 112 112 0 112 115 112 112 103 107 107 107 109 109 0 0 0 0 0 117 103 0 0 0 0 0 0 0 0 101 103 0 0 0 0 0 103 103 103 0 0 0 0 0 0 0 0 0 0 0 113 113 113 109 109 109 109 109 106 106 103 103 103 108 103 103
0 33 108 107 107 33 39 33 33 39 39 33 39 39 33 33 33 33 33 33 0 39 33 1 40 0 0 0 0 61 0 112 112 0 112 115 115 112 103 107 107 107 109 109 0 0 0 0 0 113 103 0 0 0 0 0 0 0 0 103 103 0 0 0 0 0 101 101 103 0 0 0 0 0 0 0 0 0 0 0 113 113 113 109 109 109 109 109 103 103 103 103 103 108 103 103
0 110 110 111 39 39 39 39 33 33 39 33 39 39 33 33 33 33 33 33 0 39 39 33 33 39 39 112 112 48 48 48 112 112 112 115 115 112 103 107 107 107 109 109 113 109 109 114 118 118 118 0 0 0 0 0 370 101 101 101 103 101 370 110 110 108 370 101 108 0 0 0 0 0 0 0 0 0 0 0 101 101 113 105 105 109 109 109 103 103 103 103 103 103 103 103
0 107 108 108 108 33 33 39 39 39 33 33 33 33 33 33 33 33 33 33 33 0 0 39 33 39 39 39 50 50 48 48 112 112 115 115 115 112 107 107 107 107 109 109 109 109 109 109 109 118 118 0 0 0 0 0 108 108 108 370 103 112 114 110 114 110 370 101 103 0 0 0 0 0 0 0 0 0 0 0 109 109 109 113 105 105 105 109 109 103 103 103 103 103 103 103
0 107 108 108 108 108 108 33 39 39 33 33 39 39 33 33 33 33 33 33 33 0 0 33 33 39 39 39 48 48 50 56 112 112 115 115 115 112 107 107 107 107 107 109 109 109 109 109 112 118 118 0 0 0 103 103 103 103 103 103 103 103 108 110 114 103 103 103 461 464 0 0 0 0 0 0 0 0 0 0 109 113 113 113 105 105 105 105 109 109 109 109 109 109 103 103
0 111 111 111 111 111 111 111 39 33 33 33 33 33 33 33 33 33 33 33 33 0 0 33 33 39 39 33 50 48 48 50 112 112 112 112 115 112 107 107 107 107 107 109 109 109 109 112 112 112 118 118 118 103 103 103 103 103 103 103 103 103 103 108 0 103 101 103 0 0 0 0 0 0 0 0 0 0 109 0 0 109 109 113 105 105 105 105 105 109 109 109 109 109 109 109
0 33 108 108 108 108 108 111 39 33 39 39 33 33 33 33 33 33 33 33 33 0 0 33 39 39 39 33 50 50 50 50 112 112 112 115 112 112 107 107 107 107 107 109 109 109 109 112 112 112 118 118 118 103 103 103 103 103 103 103 103 103 103 108 0 101 101 103 0 0 0 0 0 0 0 0 0 0 109 0 0 109 114 113 105 105 105 105 109 112 109 109 109 109 109 109
0 111 111 107 110 111 111 108 108 39 33 33 33 33 33 33 33 33 33 33 33 0 0 39 39 39 39 39 50 109 109 112 112 109 112 50 50 50 109 107 107 107 107 109 109 112 112 112 112 112 118 112 118 0 0 103 103 103 103 103 0 0 0 0 0 0 0 0 0 0 0 0 0 0 0 0 112 109 109 109 109 109 114 113 113 113 113 105 105 109 105 105 105 105 109 112
0 111 111 111 111 110 110 111 111 33 33 33 33 33 33 33 47 47 33 33 0 33 33 39 39 39 39 39 50 50 48 55 112 50 55 50 50 50 112 107 107 107 107 107 109 112 112 112 112 112 118 0 0 0 0 0 0 0 0 0 0 0 0 101 0 0 0 0 0 0 0 0 0 0 0 0 112 109 109 109 109 113 113 113 113 113 113 113 105 105 105 105 105 105 105 105
0 111 108 108 108 108 108 108 108 108 39 39 33 39 33 33 33 33 33 33 0 33 33 39 39 39 39 39 39 48 48 55 50 50 50 148 146 146 50 112 107 107 107 107 109 109 109 112 112 112 112 0 0 0 0 0 0 0 0 0 0 0 0 101 0 0 0 0 0 0 0 0 0 0 0 0 112 112 109 109 109 109 109 117 117 117 117 117 117 117 105 105 105 105 105 109
0 111 108 108 108 108 108 108 108 108 33 39 39 33 33 33 33 33 33 33 33 0 0 39 39 39 0 0 0 48 48 55 50 48 0 48 0 0 48 112 112 107 107 112 117 114 114 112 112 112 118 0 0 0 0 0 0 0 0 0 0 0 0 101 0 0 0 0 0 0 0 0 0 0 0 0 112 112 109 109 109 109 114 114 113 113 113 113 113 117 109 105 105 105 105 105
0 111 111 111 111 111 111 111 108 39 33 39 39 33 33 33 33 33 33 33 33 0 0 33 39 39 0 0 0 48 50 55 48 48 0 112 0 0 107 107 107 103 103 107 113 114 109 109 109 109 118 0 0 0 0 0 0 0 0 0 0 0 0 101 0 0 0 0 0 0 0 0 0 0 0 0 112 112 109 109 109 109 114 114 117 117 113 113 105 105 109 105 105 105 105 105
0 111 107 107 107 108 108 111 108 108 33 33 33 33 33 39 33 39 33 39 33 0 0 39 39 39 43 39 112 109 50 55 50 48 0 0 0 0 109 107 107 107 107 113 113 113 113 113 109 109 109 0 0 0 0 0 0 0 0 0 0 0 0 0 0 0 0 0 0 0 0 0 0 0 0 0 0 0 113 109 109 109 109 114 113 113 113 113 113 105 105 105 105 105 105 105
0 107 107 107 107 108 108 33 33 33 33 33 39 33 33 39 39 39 39 39 39 0 0 43 43 112 112 109 0 0 0 112 112 109 0 0 0 0 0 0 0 107 107 107 113 113 113 113 113 113 113 109 109 0 0 0 0 0 0 0 0 0 0 0 0 0 0 0 0 0 0 0 0 0 0 0 0 0 0 0 109 109 109 114 114 113 113 113 113 113 113 113 105 105 105 109
0 107 107 111 195 111 111 39 39 43 43 39 39 147 33 33 33 33 33 33 33 33 33 112 0 0 0 0 112 112 112 112 112 112 0 0 0 0 0 112 109 110 110 0 113 113 113 113 103 103 103 0 0 103 0 109 109 109 113 109 113 0 0 0 0 0 0 0 0 0 0 0 0 0 0 0 0 0 0 0 0 0 0 0 114 109 113 113 113 113 109 109 109 105 105 111
0 107 107 5 190 190 190 147 147 147 147 147 147 147 147 147 33 33 33 33 33 33 33 109 109 109 109 109 109 109 112 112 112 112 109 0 0 0 109 109 110 110 110 0 113 109 109 109 107 103 103 103 103 103 113 113 113 113 113 113 113 113 113 0 0 0 0 0 0 0 0 0 0 0 0 0 0 0 0 0 0 0 0 0 114 109 113 113 113 109 113 113 113 107 107 111
0 107 107 5 190 190 190 190 147 147 147 147 147 147 147 147 33 33 33 33 33 33 33 33 109 109 109 109 109 109 112 109 112 109 112 0 0 0 109 109 110 112 110 0 103 107 107 107 107 103 103 103 103 103 103 113 113 113 113 113 113 113 113 0 0 0 0 0 0 0 0 0 0 0 0 0 0 0 0 0 0 0 0 0 114 109 113 113 113 109 113 113 113 109 107 111
0 0 0 0 131 190 190 147 147 147 147 33 33 147 147 147 33 33 33 33 33 33 33 33 33 33 33 109 109 109 109 109 109 109 109 0 109 109 109 0 112 0 0 0 107 107 107 107 107 107 107 103 103 103 103 113 113 113 113 113 113 113 113 0 0 0 0 0 0 0 0 0 0 0 0 0 0 0 101 101 0 0 0 0 114 113 109 109 107 107 109 113 113 107 107 107
0 0 0 108 190 131 131 190 147 147 147 147 147 147 147 147 33 33 33 33 33 33 33 33 33 33 33 33 109 109 109 109 109 109 0 0 112 112 0 0 0 103 103 107 107 107 107 107 107 107 107 107 107 103 103 103 103 103 103 113 113 0 0 0 0 0 0 0 0 0 0 0 0 0 0 0 101 101 101 101 112 0 0 0 118 117 113 113 105 105 113 109 109 109 107 107
0 0 108 108 108 108 108 108 108 33 33 33 33 33 33 33 33 33 33 33 33 33 33 33 33 33 33 39 109 109 109 109 109 109 0 170 0 0 0 0 107 112 107 107 107 107 107 107 107 107 107 107 107 103 103 103 103 103 103 103 103 103 103 0 0 0 0 0 0 0 0 0 0 0 0 0 101 101 101 101 101 101 101 101 0 103 112 109 107 107 107 107 107 113 109 107
0 0 108 108 108 108 108 108 108 33 33 33 33 33 33 33 33 33 33 33 33 33 33 33 33 33 33 33 109 109 112 109 109 110 0 0 0 0 0 0 107 107 103 107 107 107 107 107 107 107 107 107 107 107 103 103 103 103 103 103 103 103 103 113 113 0 0 0 0 0 101 0 0 0 0 0 0 0 101 101 101 101 101 0 0 0 112 109 107 107 105 107 107 109 109 107
0 0 108 108 108 108 108 107 107 107 33 33 33 33 33 33 33 33 33 33 33 33 33 33 33 33 33 109 109 109 112 109 109 103 0 0 0 0 0 0 107 103 103 107 107 107 107 107 107 107 107 107 107 107 103 103 103 103 103 103 103 103 103 113 113 0 0 0 0 0 101 0 0 0 0 0 0 0 101 101 101 101 101 0 0 0 112 112 107 107 105 107 107 107 109 109
0 0 48 46 108 107 107 107 107 107 33 0 0 47 33 33 33 33 33 33 33 33 33 33 109 109 109 109 109 167 170 0 0 167 167 0 0 0 0 0 107 107 107 107 107 107 107 107 48 48 48 48 48 103 103 103 103 103 103 103 103 103 113 113 113 113 0 0 0 0 101 0 0 0 0 0 0 0 0 101 101 101 101 101 0 0 112 112 101 107 105 105 105 107 107 109
0 0 48 48 48 48 48 107 107 107 47 33 33 33 33 33 33 33 33 33 33 33 33 107 107 0 0 0 103 167 167 170 170 167 167 0 0 0 0 0 0 107 109 109 109 109 109 48 48 48 48 48 48 55 103 103 103 103 103 103 103 103 103 103 103 113 0 0 101 0 0 0 0 0 0 0 0 0 0 101 101 0 0 0 0 118 112 112 107 107 107 107 107 107 107 107
0 0 48 48 48 48 48 107 107 107 107 107 33 33 33 33 33 33 33 33 33 33 107 107 110 0 0 0 167 167 58 58 58 167 167 0 0 0 0 0 112 109 109 109 109 48 48 48 48 48 48 48 48 55 55 55 55 55 103 103 103 103 103 103 103 113 0 0 113 0 0 0 0 0 0 0 0 0 0 101 101 0 0 0 0 0 112 112 107 107 107 107 107 107 107 107
0 0 48 48 48 48 48 107 107 107 107 107 33 33 33 33 33 33 33 33 33 33 107 107 110 0 107 107 167 167 0 167 167 167 0 170 170 170 0 170 61 185 185 185 109 48 48 48 48 48 48 48 48 55 55 55 55 55 103 103 103 103 103 103 103 0 0 0 0 0 0 0 0 0 0 0 0 0 0 0 0 0 0 0 0 0 0 0 107 107 107 107 107 107 107 107
0 0 48 48 48 48 48 107 107 107 107 107 33 33 33 33 33 33 33 33 107 107 107 110 110 0 107 107 167 167 0 167 167 167 0 188 188 188 0 188 61 185 185 185 48 48 48 48 48 48 48 48 48 55 55 55 55 56 56 107 103 103 103 103 103 0 0 0 0 0 0 0 0 0 0 0 0 0 0 0 0 0 0 0 0 0 0 0 112 107 107 107 107 107 107 107
0 0 48 48 48 48 48 107 107 107 107 107 107 107 33 33 33 107 107 107 107 107 110 111 185 0 167 167 167 167 167 0 0 167 0 0 188 185 185 188 188 185 185 146 146 48 50 50 48 48 48 48 50 50 56 56 56 56 56 55 103 103 103 103 103 103 0 0 0 0 0 0 0 0 0 0 0 0 0 0 0 0 0 0 0 0 0 0 107 105 107 107 107 107 107 107
0 0 48 48 48 48 48 107 107 107 107 107 107 107 107 107 107 107 107 107 107 110 107 167 167 167 170 167 167 167 167 167 185 185 185 0 188 185 185 185 188 185 185 146 50 50 50 48 48 48 48 48 50 56 56 110 111 110 111 110 103 103 103 103 103 103 103 103 113 0 0 0 0 0 0 0 0 0 0 0 0 0 0 0 0 0 0 0 105 105 105 105 105 105 107 107
0 0 48 48 48 48 48 107 107 107 107 107 107 107 107 107 107 107 107 107 109 189 185 185 189 170 167 167 167 167 167 167 185 185 185 0 109 109 109 185 185 109 109 50 50 48 48 48 50 50 50 50 50 111 110 111 111 110 111 111 56 56 107 107 108 106 106 103 103 0 0 0 0 0 0 0 0 0 0 0 0 0 0 0 0 0 0 0 105 105 105 105 105 105 105 105
0 0 48 48 48 48 48 107 107 107 107 107 107 0 0 0 0 0 107 107 107 107 107 185 185 167 167 167 167 167 167 167 185 185 39 0 109 109 112 109 109 109 109 48 48 50 48 48 48 48 48 50 50 111 111 111 111 110 111 111 56 56 107 107 108 108 108 107 103 113 0 0 0 0 0 0 0 0 0 0 0 0 0 0 0 0 0 0 0 105 105 105 105 105 105 105
0 0 48 48 48 107 107 107 107 107 107 107 107 0 0 0 0 0 107 107 107 107 107 185 185 167 167 167 167 185 185 185 185 185 39 0 109 109 109 109 109 109 48 50 48 48 48 50 50 50 111 111 111 111 111 111 111 111 56 110 110 110 111 108 108 108 108 111 103 103 0 0 0 0 0 0 0 0 0 0 0 0 0 0 0 0 0 0 0 105 105 105 105 105 105 105
0 0 48 48 107 107 107 107 107 107 107 5 5 0 0 0 0 0 107 107 185 185 185 185 167 167 167 167 145 185 185 0 0 0 0 0 109 109 109 112 48 48 48 48 48 50 48 50 50 50 111 111 111 111 111 111 111 111 111 111 111 110 108 107 107 108 108 107 103 107 152 109 109 113 113 109 113 101 112 112 0 0 0 0 101 112 101 101 103 101 101 101 105 105 105 105
0 0 48 108 108 108 108 108 107 107 107 109 109 0 0 0 0 0 0 107 185 185 185 185 167 167 167 167 145 185 0 0 0 0 0 109 109 109 50 50 48 48 48 50 50 50 48 50 50 50 50 50 111 111 111 111 111 111 111 111 111 110 108 108 103 107 103 103 103 109 152 0 0 109 109 109 109 112 112 112 112 112 112 112 101 101 101 101 121 103 101 101 101 105 105 105
0 0 108 108 108 108 108 108 108 108 107 107 107 107 107 0 0 0 0 107 167 167 167 167 167 167 167 167 167 145 145 0 0 0 0 0 109 112 50 50 48 48 48 50 50 50 48 48 50 48 48 48 108 110 111 111 110 111 111 108 110 106 108 108 108 108 108 108 110 179 152 109 109 109 109 112 112 112 109 109 112 101 101 101 101 101 6 6 121 112 101 101 101 101 105 105
