results analysis/Ohio_2020-4-20-16-56-48/Ohio_Seneca/TN.asc
ncols        203
nrows        211
xllcorner    -83.420650180759
yllcorner    40.991889000000
dx           0.000278052272
dy           0.000278163319
NODATA_value 0
[rows 77 to 153 of 211, columns 0 to 95 of 203]
0 10 8 8 7 8 7 6 6 6 6 6 6 6 6 10 6 10 14 10 6 6 11 8 29 10 10 13 13 12 18 0 0 0 10 13 17 10 12 10 10 10 10 10 10 10 10 10 6 6 6 0 0 0 0 8 13 13 8 0 0 0 0 0 0 0 0 0 0 0 0 10 10 6 6 6 6 6 6 6 6 10 10 10 14 6 6 6 6 6 6 6 6 6 6 6
0 6 7 0 0 0 0 0 0 0 0 6 6 6 0 0 0 0 0 0 0 6 11 11 0 0 0 0 0 0 0 0 0 0 0 0 0 0 0 0 0 10 10 6 8 0 0 0 0 0 0 0 0 0 0 0 0 0 0 0 0 0 0 0 0 0 0 0 0 0 0 0 0 6 6 0 0 0 0 0 6 10 10 14 0 0 0 0 0 0 6 6 6 6 6 0
0 10 19 8 8 10 0 0 7 7 7 7 7 6 6 6 6 10 0 0 0 6 6 6 11 11 11 19 19 10 10 10 6 6 0 10 10 10 6 8 6 6 6 6 0 8 8 6 10 6 8 8 12 8 7 7 7 7 7 7 7 7 10 10 0 0 0 0 0 0 0 10 6 6 0 6 6 6 10 10 10 10 10 0 10 0 0 0 6 6 6 6 6 0 6 8
0 6 8 7 7 6 7 7 7 7 7 10 10 10 10 10 10 10 0 0 0 6 6 11 11 11 11 19 19 10 10 14 10 10 10 10 10 6 6 8 6 6 10 10 19 19 29 8 8 8 8 8 8 8 10 8 7 10 10 10 10 10 10 10 10 10 0 0 0 10 6 10 10 10 10 10 10 10 6 6 6 10 6 10 14 10 6 6 0 6 6 6 6 6 6 6
0 6 8 19 10 6 7 7 7 7 7 6 6 6 6 6 6 6 0 0 0 6 11 11 11 6 11 19 19 19 10 10 10 10 6 6 10 10 10 19 19 19 10 10 19 8 12 8 8 8 12 12 8 8 8 8 7 7 8 7 7 7 7 7 7 8 0 0 0 10 10 6 6 6 6 6 10 10 6 6 6 10 10 14 14 10 6 6 0 6 6 6 6 6 6 6
0 6 6 19 8 8 8 6 6 6 6 6 6 6 10 10 18 7 0 0 0 10 14 11 6 19 8 8 8 6 6 10 6 6 6 6 10 6 6 6 8 8 8 8 19 29 12 8 8 8 12 12 12 12 10 8 8 8 8 7 7 7 7 7 8 8 0 0 0 10 10 6 6 6 6 6 10 10 10 10 11 11 11 11 14 10 6 6 8 6 6 6 6 6 6 6
0 7 19 44 8 8 8 8 6 6 6 6 6 10 6 6 6 10 6 6 6 6 10 6 6 11 6 8 8 8 10 10 6 6 6 6 10 6 6 6 8 8 8 8 8 29 29 12 8 8 8 8 8 8 8 29 29 10 10 7 7 7 7 8 8 8 0 0 0 6 10 6 6 6 6 6 10 10 10 10 11 11 11 14 11 10 6 6 6 6 7 7 7 7 6 7
0 7 19 44 8 8 8 8 8 19 10 10 10 10 6 6 6 10 10 10 10 10 10 6 11 11 7 7 8 8 10 6 6 6 6 6 10 10 6 8 8 8 8 8 8 12 12 12 12 8 8 8 8 8 8 8 8 12 29 8 7 7 10 19 19 19 0 0 0 0 6 6 6 6 6 6 6 10 10 6 11 11 11 11 6 6 6 6 7 7 7 7 7 7 7 7
0 6 8 19 8 8 8 8 44 8 6 6 6 6 6 6 6 10 6 6 6 6 10 10 6 7 11 11 19 8 10 6 6 6 6 6 6 6 10 19 19 19 8 19 19 8 12 12 12 8 8 8 8 8 8 8 8 12 12 10 10 10 10 8 8 8 0 0 0 0 6 6 6 10 10 10 10 10 10 11 11 11 11 6 6 6 6 6 7 7 7 7 7 7 7 7
0 10 6 11 6 8 8 8 44 8 8 8 8 6 10 11 11 11 7 7 7 11 11 6 6 7 11 7 19 19 19 8 6 6 6 6 6 6 6 6 6 6 6 8 19 19 29 12 12 12 12 12 12 12 12 12 12 11 12 19 19 8 8 8 8 6 0 0 0 0 10 6 10 6 6 6 10 6 6 6 6 6 6 6 6 6 6 7 7 7 7 7 7 6 7 7
0 10 6 16 8 8 8 19 44 19 19 8 8 19 7 7 7 11 11 11 11 11 7 7 7 7 11 11 8 8 8 8 8 6 6 6 6 6 6 6 6 6 6 6 8 8 29 12 8 8 8 8 8 8 8 8 8 10 10 40 19 8 8 19 10 10 0 0 0 0 10 6 6 10 6 10 10 6 6 6 6 6 6 6 6 7 7 7 7 7 7 7 6 6 6 7
0 10 6 1 6 6 8 8 16 19 19 19 19 19 11 11 11 11 7 7 7 7 7 7 8 8 8 19 19 19 8 8 8 6 6 6 6 6 6 6 6 6 6 6 8 8 12 12 8 8 8 8 8 8 8 7 7 7 10 40 19 19 8 19 10 10 0 0 0 6 10 6 6 10 10 10 6 6 6 6 6 6 6 6 7 7 7 7 7 7 7 7 6 6 6 6
0 10 6 10 6 6 11 11 6 6 11 11 19 8 11 11 7 7 7 7 7 7 7 8 8 8 8 8 8 19 19 19 19 10 10 10 6 8 8 8 8 8 6 8 8 12 12 12 8 8 8 8 8 8 8 7 7 7 7 29 19 19 19 19 6 6 0 0 0 10 10 10 10 10 10 6 6 6 6 6 6 6 6 6 7 7 7 7 7 6 6 6 6 6 6 6
0 6 6 10 6 11 11 6 6 6 11 6 8 8 11 7 7 7 7 7 7 7 7 8 8 8 8 8 8 8 8 8 8 6 6 10 10 8 8 8 8 8 6 8 8 12 12 12 8 8 8 8 8 8 8 7 7 7 10 29 29 19 19 28 10 10 0 0 0 0 10 10 6 6 10 6 6 6 6 6 6 6 6 6 7 7 7 7 7 6 6 6 6 10 10 10
0 7 6 10 11 11 6 6 6 11 11 6 6 11 10 7 7 7 7 7 7 7 6 8 8 8 8 8 8 8 8 8 8 6 6 8 8 8 19 19 19 8 8 8 8 12 12 12 7 7 7 7 12 12 7 7 7 7 7 12 29 8 19 10 10 10 0 0 0 0 10 6 6 10 10 6 6 6 6 6 6 6 6 6 7 7 7 7 6 6 6 6 10 10 6 6
0 7 7 10 10 6 11 11 11 11 11 11 11 6 6 6 6 7 7 7 7 7 6 6 8 8 8 8 8 8 8 8 8 6 6 8 8 8 6 6 10 6 6 10 19 29 29 29 9 7 7 7 7 12 12 12 12 7 12 8 8 19 10 10 10 10 10 10 0 0 6 6 6 10 6 6 6 6 6 6 6 6 6 6 7 7 7 7 6 6 6 6 10 10 10 10
0 7 7 13 10 6 11 6 6 6 11 6 6 6 6 6 6 7 7 7 6 6 6 6 8 8 8 8 8 8 8 8 8 6 6 8 8 6 6 6 10 10 10 19 8 8 12 12 9 9 7 7 7 12 12 12 12 12 8 8 6 6 6 6 6 6 10 10 0 0 0 10 10 10 6 6 6 6 6 6 6 6 7 7 7 7 7 7 6 6 6 10 10 10 6 6
0 6 6 10 10 6 10 6 6 6 11 6 6 6 6 6 6 7 7 6 6 6 6 6 8 8 8 8 8 8 8 8 8 6 8 8 8 6 6 6 10 10 6 6 8 8 12 12 12 29 12 12 12 12 12 8 8 8 8 8 8 8 6 6 6 6 0 0 0 0 0 0 0 0 0 0 6 6 6 7 7 7 7 7 7 7 7 6 6 6 10 10 10 10 10 10
0 10 10 14 10 6 10 6 6 6 11 6 6 6 6 6 6 7 7 6 6 6 6 6 8 8 8 8 8 8 8 8 8 6 8 8 8 6 6 6 10 10 10 6 8 8 12 12 12 29 8 12 12 12 8 8 8 8 8 8 8 8 6 6 6 6 6 6 0 0 0 0 0 0 0 0 0 0 0 0 7 7 7 7 7 7 7 6 6 10 10 6 6 10 6 6
0 6 6 10 10 10 10 6 6 6 11 6 6 6 6 6 6 7 6 6 6 6 6 8 8 8 8 8 8 8 8 8 8 8 8 8 8 10 10 10 6 6 10 8 19 19 29 29 29 29 19 12 12 12 8 8 8 8 8 6 6 6 6 6 6 6 6 6 0 0 0 0 0 0 0 0 0 0 0 1 7 7 7 7 7 6 6 6 10 10 10 10 10 10 10 10
0 10 10 10 10 10 6 6 6 6 11 6 6 6 6 6 6 6 6 6 6 6 6 6 8 8 8 8 8 8 8 8 8 8 8 19 19 10 6 8 8 16 12 29 19 8 8 8 8 19 19 19 19 19 6 6 6 6 6 6 6 6 6 6 6 6 6 10 0 0 0 0 0 0 0 0 0 0 0 14 7 7 7 7 7 6 10 10 10 10 10 10 10 10 6 6
0 10 6 10 10 6 6 6 6 6 11 6 6 6 6 6 6 6 6 6 6 6 6 6 6 8 8 8 8 8 8 8 8 8 7 21 9 21 21 21 21 21 21 12 12 29 19 19 10 10 10 10 6 10 10 6 6 10 10 10 10 10 6 6 10 10 10 10 0 0 0 0 0 0 0 0 0 0 14 14 14 7 7 7 7 18 10 10 10 14 10 10 6 6 6 6
0 10 10 10 10 6 6 6 6 6 10 10 6 6 6 6 6 6 6 6 6 6 6 6 6 8 8 8 8 8 7 7 7 13 21 21 21 21 9 9 9 9 29 12 12 19 8 8 6 10 10 10 10 10 10 10 10 10 10 10 10 10 11 11 6 6 6 6 11 6 8 8 8 0 0 0 0 0 0 0 14 14 18 18 25 14 10 14 14 10 6 10 10 10 10 10
0 10 6 6 6 6 6 6 6 6 6 10 6 6 6 6 6 6 6 6 6 6 6 6 6 8 8 8 8 8 7 7 7 13 21 21 9 21 21 21 21 21 29 29 29 8 8 8 6 6 10 6 6 6 10 10 10 10 10 6 10 10 11 11 10 10 10 10 11 6 8 8 8 0 0 0 0 0 0 0 7 14 18 18 18 10 10 10 10 10 10 6 6 6 6 6
0 6 6 6 6 6 6 6 6 6 6 14 6 6 6 6 6 8 8 8 6 6 6 6 6 6 6 8 8 8 7 7 7 13 21 21 21 21 21 21 21 21 29 29 29 10 6 6 6 6 6 10 10 10 10 10 10 10 10 10 11 11 11 11 11 6 6 11 14 16 16 8 7 14 0 0 0 0 0 0 0 18 25 25 25 14 14 14 10 10 10 10 10 10 10 10
0 6 6 6 6 6 6 6 6 6 14 14 14 6 6 6 6 8 8 6 6 6 6 6 6 6 6 7 7 13 13 13 7 13 21 21 21 21 21 21 21 21 21 29 19 10 6 6 6 6 6 6 6 6 6 6 6 6 6 6 10 10 14 11 11 11 11 11 14 8 8 16 14 10 7 13 10 6 0 0 0 0 0 0 0 10 10 10 10 10 6 6 6 6 6 6
0 6 6 6 6 6 6 6 6 6 14 6 6 14 14 19 19 8 8 8 8 8 8 6 6 7 7 7 13 7 7 7 13 7 9 9 21 21 21 21 21 21 21 29 19 10 10 10 10 10 14 14 10 10 10 10 10 10 10 10 10 10 10 10 10 10 10 10 0 0 7 8 10 10 7 14 14 10 10 10 0 0 0 0 0 0 0 0 6 10 10 10 10 10 10 10
0 0 0 6 6 6 6 6 6 14 14 14 6 6 8 8 19 8 13 13 13 13 13 8 8 9 9 9 21 7 9 9 9 21 21 21 21 21 21 21 21 21 21 13 14 14 14 14 10 14 14 14 14 14 10 10 10 10 10 10 10 10 10 10 10 10 10 10 0 0 0 0 0 0 8 14 16 8 16 8 0 0 0 0 0 0 0 0 0 0 6 6 6 6 6 10
0 0 0 10 10 10 10 10 14 14 6 6 14 6 8 8 8 19 13 13 13 13 13 8 8 9 9 21 9 7 9 9 9 9 9 9 9 9 9 9 9 9 21 13 14 10 10 6 10 18 18 18 18 14 10 10 10 10 10 10 10 10 6 10 10 10 10 6 0 0 0 0 0 0 8 10 16 12 16 8 0 0 0 0 0 0 0 0 0 0 6 6 6 6 6 6
0 10 6 6 6 6 6 6 14 14 6 6 14 6 8 8 13 13 30 13 13 13 8 8 8 9 9 21 9 9 9 9 9 9 9 9 9 9 9 9 9 9 8 8 6 6 6 6 6 6 6 6 6 6 14 10 10 10 10 10 10 10 6 6 6 10 6 6 0 0 0 0 0 0 12 16 12 12 12 10 0 6 6 10 0 0 0 0 0 0 0 0 0 0 10 6
0 26 6 6 6 6 6 6 14 14 6 14 6 8 8 8 8 8 17 8 8 8 8 8 8 9 9 21 21 9 9 9 9 9 9 9 9 9 9 8 8 8 8 8 6 6 6 6 6 6 6 6 6 6 6 6 6 6 6 6 6 6 6 6 6 0 0 0 0 0 0 0 0 0 6 13 12 9 9 9 10 6 6 6 6 6 6 6 0 0 0 0 0 0 0 0
0 48 8 6 6 6 6 6 14 14 14 6 8 8 8 8 8 8 30 13 13 30 17 17 8 8 8 9 21 9 9 9 9 9 9 9 9 9 9 8 8 8 8 8 7 6 6 6 6 6 6 6 6 6 6 6 6 6 6 6 7 7 7 6 0 0 0 0 0 7 7 0 0 8 6 15 20 20 9 9 9 6 6 7 6 6 6 6 6 0 0 0 0 0 0 0
0 25 26 14 14 14 14 26 26 26 19 8 8 8 8 8 13 13 13 13 8 8 8 8 17 17 17 17 21 9 9 9 9 9 9 9 9 9 9 8 8 8 8 6 7 7 7 6 7 6 6 6 6 6 6 6 6 6 6 7 7 7 7 8 0 8 8 7 7 7 7 7 7 8 15 15 20 15 15 6 6 9 6 6 6 6 6 6 6 6 6 6 6 6 0 0
0 7 9 6 6 6 6 9 26 26 19 8 8 8 8 8 13 13 13 13 8 8 8 8 8 8 8 8 9 9 9 9 9 9 9 9 9 9 9 8 8 8 8 6 7 7 7 6 7 6 6 6 6 6 6 6 6 6 6 7 7 7 7 8 0 8 8 7 7 7 7 7 18 8 15 15 15 15 20 6 6 9 6 6 6 6 6 6 6 6 6 6 6 6 0 0
0 25 9 6 6 9 9 9 26 8 19 19 8 8 8 8 13 13 8 8 8 8 8 8 8 9 9 9 9 9 9 9 9 9 9 9 9 8 8 8 8 6 6 6 6 7 7 7 7 6 6 6 6 7 7 7 7 7 7 7 7 7 7 8 8 8 8 7 7 18 18 18 18 18 15 8 15 20 9 9 9 9 6 6 9 9 9 10 10 10 10 10 10 10 6 10
0 26 26 26 26 26 26 9 9 9 8 19 8 8 8 8 13 8 8 8 8 8 8 9 9 9 9 9 9 9 9 9 9 8 8 8 8 8 8 8 8 8 8 6 6 7 7 7 7 7 7 7 7 7 7 7 7 7 8 13 8 19 8 19 19 10 10 10 18 18 7 7 7 18 18 15 15 15 9 9 9 6 6 6 9 6 6 6 6 6 6 6 6 10 10 10
0 9 9 9 9 9 9 9 9 9 26 9 9 9 9 9 8 8 8 8 8 8 8 9 9 9 9 9 9 9 9 9 8 8 8 8 8 8 8 8 8 8 8 8 6 13 13 13 13 13 13 13 7 8 8 8 8 8 8 8 19 8 8 8 8 6 6 6 7 7 7 7 18 18 8 15 15 15 12 9 6 6 6 9 9 6 6 6 6 6 6 6 6 6 10 10
0 9 9 9 9 9 9 9 9 26 9 9 9 9 9 9 9 9 8 8 8 8 8 9 8 8 8 8 8 8 8 8 8 8 8 9 9 21 21 21 21 21 21 2 13 13 13 13 13 13 7 13 19 8 8 8 8 8 8 19 8 8 8 8 1 1 2 2 18 18 18 18 18 8 8 8 15 20 9 9 12 12 12 12 9 6 6 6 6 6 6 6 6 6 9 9
0 9 9 9 26 26 9 9 9 9 9 9 9 9 9 9 9 9 8 8 8 8 8 9 8 8 8 8 8 8 8 8 8 8 8 9 21 9 9 9 9 9 9 0 7 13 7 7 7 13 13 13 8 8 8 8 8 8 8 19 19 8 8 8 1 1 2 2 18 18 18 18 18 15 15 15 15 15 9 9 9 9 9 9 9 12 9 9 10 9 9 9 9 9 9 9
0 11 26 9 26 9 9 9 9 9 9 9 9 9 9 9 9 9 9 8 8 8 8 8 8 8 8 8 8 8 8 8 8 8 9 9 21 9 9 9 9 7 7 7 7 7 7 13 7 13 13 7 8 8 8 8 8 7 7 8 19 19 19 2 2 2 2 2 5 5 5 5 5 2 8 15 15 15 9 9 9 9 9 9 9 12 9 9 9 9 9 9 9 9 9 12
0 32 10 10 10 9 9 9 9 9 9 9 9 9 9 9 8 8 8 8 8 8 8 8 8 8 8 8 6 6 6 6 7 7 7 7 13 13 13 13 13 21 9 8 13 13 7 7 7 13 13 7 7 7 7 7 7 7 7 7 8 8 8 8 1 1 1 1 2 2 2 2 2 5 5 8 15 15 15 9 9 9 9 9 9 9 12 12 9 9 9 9 9 9 9 12
0 11 10 16 16 16 0 0 12 12 12 8 8 8 8 9 9 9 9 9 9 8 8 8 6 8 8 8 6 6 6 6 7 9 7 9 7 7 7 7 7 7 7 7 7 8 7 7 7 13 7 7 7 7 7 7 7 7 7 7 8 8 8 8 8 8 8 1 1 2 2 2 2 2 2 5 0 0 2 2 2 2 9 9 9 9 6 9 9 9 9 6 9 13 13 9
0 16 16 16 16 16 16 16 4 4 0 4 4 4 0 8 9 9 9 9 9 9 9 9 0 0 0 0 0 8 7 0 0 7 7 7 7 7 7 7 7 7 7 7 7 7 7 7 7 7 7 7 7 7 7 6 6 6 7 8 8 8 8 1 1 1 1 1 1 2 2 2 2 2 2 2 5 2 2 3 3 3 3 3 9 9 9 9 9 12 17 17 13 13 6 13
0 16 16 16 16 16 16 16 4 4 0 4 4 4 0 8 9 9 9 9 9 9 9 9 0 0 0 0 0 8 7 0 0 7 7 7 7 7 7 7 7 7 7 7 7 7 7 7 7 7 7 7 7 7 7 6 6 6 7 8 8 8 8 1 1 1 1 1 1 2 2 2 2 2 2 2 2 2 1 1 1 1 1 1 9 6 6 6 6 6 6 6 13 13 13 13
0 16 16 16 16 16 16 16 16 16 16 16 16 4 4 0 0 0 7 7 8 9 9 0 0 8 8 8 8 0 0 6 7 7 7 7 7 7 7 6 6 6 6 7 6 6 6 6 7 7 7 7 6 6 6 6 6 6 6 8 8 8 8 1 1 1 1 1 1 1 2 2 2 2 2 2 2 2 1 1 1 1 1 1 1 1 1 1 1 6 6 6 6 13 6 6
0 0 0 8 0 0 0 0 16 16 16 16 16 16 16 16 0 0 7 7 7 7 8 8 8 0 0 0 8 8 7 7 7 7 7 7 7 7 6 6 6 6 6 6 6 6 6 6 7 7 7 7 6 6 6 6 6 6 6 8 8 8 8 8 1 1 1 1 1 1 2 2 2 2 2 2 2 2 1 1 1 3 3 1 1 1 1 1 7 7 6 6 6 6 6 6
0 8 8 16 16 0 16 16 16 16 16 16 16 7 7 7 7 7 7 7 7 7 7 9 8 8 9 9 8 6 7 7 7 7 6 6 6 6 6 6 6 6 6 6 6 7 7 7 7 7 7 7 7 6 6 6 6 6 6 6 8 8 8 7 1 7 7 7 1 2 2 2 2 4 4 4 4 4 7 7 7 7 7 7 7 7 7 7 8 8 9 9 9 6 9 6
0 55 16 16 16 16 16 16 8 0 10 8 8 8 10 10 10 10 7 7 9 8 8 9 9 8 9 9 9 7 7 7 7 6 6 6 6 6 6 6 6 6 6 6 7 7 7 7 7 7 7 7 6 6 6 6 6 6 6 6 6 6 6 7 7 7 7 7 7 4 4 4 4 4 4 4 4 4 7 7 7 7 8 7 7 7 7 7 7 7 6 6 9 9 6 9
0 81 101 16 16 16 16 16 8 0 10 8 8 8 10 10 10 10 7 7 9 8 8 26 26 48 26 9 9 7 7 7 7 6 6 6 6 6 6 6 6 6 6 6 7 7 7 7 7 7 7 7 6 6 6 6 6 6 6 6 6 6 6 7 7 7 7 7 7 4 4 4 4 4 4 4 4 4 7 7 7 8 8 7 7 7 7 7 7 7 6 6 6 9 9 9
0 0 0 0 40 40 40 40 40 40 40 40 40 40 40 40 40 40 8 8 8 8 8 8 7 9 9 26 8 8 8 8 6 6 6 6 6 6 6 6 6 6 6 6 7 7 7 7 7 7 7 7 7 6 6 6 6 6 6 6 6 6 6 6 6 7 7 7 7 7 4 4 4 4 4 4 4 4 7 7 8 9 9 8 7 7 7 7 7 7 7 7 7 6 6 7
0 9 10 0 0 0 10 10 10 10 10 10 10 10 10 10 10 10 7 7 7 7 7 7 7 8 7 7 7 6 6 14 14 6 6 6 6 7 7 7 7 7 7 6 6 6 6 7 7 6 7 7 7 6 6 6 6 6 6 6 6 6 6 6 6 6 6 7 7 8 42 42 42 42 42 8 8 8 8 8 7 9 9 7 7 7 7 7 7 7 7 7 7 7 7 7
0 9 9 9 10 40 40 40 40 40 40 40 40 10 40 40 40 40 40 40 40 40 40 40 40 8 8 7 7 6 14 14 6 6 6 7 7 7 7 7 7 7 7 7 6 6 6 6 6 7 7 7 7 6 6 6 6 6 6 6 6 6 6 6 6 8 8 8 8 8 19 42 42 42 42 42 42 42 7 7 7 9 7 7 7 7 7 7 7 7 7 7 7 7 7 7
0 5 5 5 26 26 9 10 10 10 10 0 0 10 10 10 10 10 10 10 10 10 10 10 10 10 40 40 8 8 8 7 6 6 6 6 6 6 7 7 7 7 7 7 6 6 6 6 7 7 7 7 7 6 6 6 6 6 6 6 6 6 6 6 6 8 8 8 8 8 8 8 8 8 8 8 8 8 8 7 7 8 8 7 7 8 8 8 8 8 8 8 8 8 8 7
0 5 5 7 26 9 9 10 10 10 10 0 0 10 10 10 10 10 10 10 10 10 10 10 10 10 10 10 7 7 7 7 6 6 6 6 6 6 7 7 7 7 7 7 6 6 6 6 7 7 7 7 7 6 6 6 6 6 6 6 6 6 6 6 6 8 8 8 8 8 8 8 8 8 8 8 8 8 8 7 7 7 7 8 7 8 8 8 8 8 8 8 8 8 10 9
0 5 7 5 6 9 9 9 10 10 10 10 10 10 10 10 10 10 10 10 10 10 10 10 10 10 10 10 7 7 7 7 7 10 6 6 6 6 10 10 7 7 7 7 7 6 6 6 6 6 6 6 6 6 6 6 6 6 6 6 6 6 6 6 6 6 6 6 6 8 7 7 7 7 7 7 7 7 7 7 7 7 7 7 7 7 7 7 7 7 7 7 7 6 8 8
0 5 7 6 6 6 6 6 0 8 9 9 10 10 10 10 10 10 7 7 7 7 7 10 10 10 10 10 10 7 7 7 10 10 10 10 10 10 10 10 10 10 10 10 10 6 6 6 6 6 6 6 6 6 6 6 6 6 6 6 6 6 6 6 6 6 6 7 7 7 7 7 7 7 7 7 7 6 7 7 7 7 7 6 6 6 6 6 7 7 7 7 7 6 6 7
0 6 7 6 6 6 6 6 6 8 9 9 10 10 10 10 10 10 10 10 10 10 7 7 7 10 10 10 10 10 10 10 10 10 10 10 10 10 10 10 10 10 10 10 10 10 10 6 6 6 6 6 6 6 6 6 6 6 6 6 6 6 6 6 6 7 7 7 7 7 7 7 7 7 7 7 7 6 6 6 7 7 7 6 6 6 6 7 7 7 7 7 7 6 6 7
0 6 6 6 6 6 6 6 6 6 5 5 9 9 10 10 10 10 10 10 10 10 10 10 7 10 10 10 10 10 10 10 10 10 10 10 10 10 10 10 10 10 10 10 10 6 6 6 6 6 6 6 6 6 6 6 6 6 6 6 6 6 6 6 7 7 7 7 7 7 7 7 7 7 7 7 7 7 6 6 7 7 6 6 6 7 7 7 7 7 7 7 6 6 6 6
0 8 7 7 7 7 6 6 6 6 5 7 9 9 10 10 10 10 10 10 10 10 10 10 7 10 10 10 10 10 10 10 10 10 10 10 10 10 10 10 10 10 10 10 10 6 6 6 6 6 6 6 6 6 6 6 6 6 6 6 6 6 6 6 7 7 7 7 7 7 7 7 7 7 7 7 7 7 6 6 7 7 6 6 6 7 7 7 7 7 7 7 6 6 6 6
0 8 8 7 7 7 7 7 7 7 7 7 7 9 9 10 10 9 10 10 10 10 10 10 10 10 10 10 10 10 10 1 1 10 10 10 10 10 10 10 10 10 10 10 10 10 10 6 6 6 6 6 6 6 6 6 6 6 6 6 6 6 6 7 7 7 8 7 7 7 7 7 7 6 8 6 6 6 6 6 6 6 6 6 6 7 7 7 7 7 6 6 6 6 8 6
0 7 7 8 7 7 7 7 7 7 7 7 7 26 9 9 9 9 9 9 10 10 9 9 9 10 10 10 10 10 10 10 10 15 14 14 14 14 10 10 10 10 6 6 6 6 6 6 6 6 6 6 6 6 6 6 6 6 6 14 14 14 14 8 8 8 8 8 7 8 6 6 6 6 6 6 6 6 6 6 6 6 6 6 6 6 6 6 6 6 6 6 6 0 8 8
0 0 0 7 7 8 8 8 8 8 7 7 7 26 26 7 6 9 9 9 9 9 9 9 9 9 9 9 10 10 10 10 14 13 8 8 8 13 13 13 13 8 8 6 6 6 6 6 6 6 6 6 6 6 6 6 6 14 18 18 8 8 8 8 8 7 7 8 14 14 6 6 6 6 8 8 6 6 6 6 6 6 6 6 6 6 6 14 14 14 19 1 1 13 8 19
0 8 8 8 8 8 8 8 8 8 7 7 7 7 7 7 7 6 6 9 9 9 9 9 10 10 10 10 10 10 8 13 13 13 13 13 13 8 8 8 13 8 8 8 8 8 8 6 6 6 6 13 14 14 14 14 14 14 14 8 8 8 8 8 8 7 7 14 6 14 14 14 6 6 14 6 6 6 6 6 6 6 6 6 6 6 6 14 6 6 19 1 1 8 8 8
0 8 8 8 10 8 8 8 8 8 7 7 7 7 7 7 7 6 7 26 26 9 9 9 10 10 10 8 8 8 13 8 8 13 13 13 13 8 8 8 13 17 17 17 17 17 17 13 13 13 13 13 14 14 14 18 14 14 14 8 8 8 8 8 8 8 8 6 6 6 14 14 14 6 14 14 14 14 14 14 14 14 14 14 14 14 14 14 14 14 19 5 5 19 19 19
0 6 6 6 8 8 6 6 6 6 6 7 7 7 7 7 7 7 6 26 26 26 9 10 8 8 13 26 15 13 8 8 8 8 8 8 8 8 8 8 13 13 13 13 13 13 8 8 6 6 6 6 6 6 14 14 14 14 8 8 8 7 7 7 7 14 14 6 14 6 6 14 14 14 6 14 6 14 6 6 6 6 6 6 6 6 6 6 14 19 19 5 5 19 19 19
0 8 8 8 7 6 8 8 8 8 6 6 7 7 6 7 7 6 6 26 26 26 26 15 15 15 15 15 15 15 8 8 8 8 8 8 8 8 8 8 8 8 8 8 8 13 8 8 8 8 8 0 0 0 14 14 14 6 6 7 8 7 7 6 14 14 14 14 6 6 14 14 14 6 6 6 6 6 6 6 6 6 6 6 6 6 6 6 6 8 8 8 8 13 8 8
0 0 0 0 5 0 0 0 0 7 6 6 7 7 6 6 7 6 7 4 0 0 0 15 15 15 26 26 26 26 15 15 8 8 0 8 8 8 0 0 0 0 0 8 0 0 0 0 0 0 0 0 0 0 0 0 14 14 14 6 14 14 14 14 14 14 14 6 6 6 14 6 6 6 6 6 8 8 8 8 8 6 6 6 6 8 6 6 8 8 15 10 10 10 10 10
0 0 0 0 0 0 0 0 13 13 13 13 7 6 7 7 4 4 6 6 0 0 0 0 0 0 0 0 0 15 26 15 7 7 0 0 0 0 0 0 0 0 0 0 0 0 0 0 0 0 0 0 0 0 0 0 0 0 14 14 14 6 6 6 14 14 6 6 6 13 13 6 13 6 6 6 8 8 8 8 8 8 8 8 8 8 8 8 8 8 10 10 10 10 10 10
0 0 0 0 0 0 0 0 13 13 19 7 7 4 4 6 6 4 4 4 0 0 0 0 0 0 0 0 0 26 26 15 7 7 0 0 0 0 0 0 0 0 0 0 0 0 0 0 0 0 0 0 0 0 0 0 0 0 13 13 13 6 6 6 13 13 13 13 6 6 6 13 6 6 6 6 8 8 8 8 8 8 8 8 8 8 8 8 8 8 10 10 10 10 10 10
0 0 0 0 0 0 0 0 15 19 16 6 4 4 4 4 6 4 4 6 0 0 0 0 0 0 0 0 26 26 26 15 7 7 0 0 0 0 0 0 0 0 0 0 0 0 0 0 0 0 0 0 0 0 0 0 8 8 0 8 6 6 6 6 6 6 6 6 6 6 13 6 6 6 6 6 8 8 8 8 8 8 8 8 8 8 8 8 8 8 10 10 10 10 10 10
0 5 5 0 0 0 5 5 5 13 13 6 6 6 6 4 4 4 4 0 0 0 0 0 0 0 0 0 26 26 13 7 7 7 0 0 0 0 0 0 0 0 0 0 0 0 0 0 0 0 0 0 0 0 0 0 0 0 8 8 8 8 6 6 6 6 6 6 6 6 8 8 8 8 6 5 0 0 0 0 8 8 8 0 0 8 0 0 0 0 8 8 10 10 8 8
0 5 5 5 6 5 6 6 7 13 13 6 6 6 6 6 6 6 6 0 0 0 0 0 0 0 0 0 41 26 13 7 7 7 0 0 0 0 0 0 0 0 0 0 0 0 0 0 0 0 0 0 0 0 0 0 0 0 0 8 8 8 8 8 6 6 6 6 6 8 8 8 8 8 8 0 0 0 0 0 0 0 0 0 0 0 0 0 0 0 0 8 8 8 8 8
0 7 7 7 7 6 6 5 6 8 13 13 13 6 4 6 6 6 6 0 0 0 0 0 0 0 0 0 6 26 26 15 7 7 7 0 0 0 0 0 0 0 0 0 0 0 0 0 0 0 0 0 0 0 0 0 0 0 8 8 8 8 8 8 8 6 6 6 6 8 8 8 8 8 8 0 0 0 0 0 0 0 0 0 0 0 0 0 0 0 10 10 6 8 8 8
0 6 6 6 6 5 5 5 5 6 13 13 13 6 6 4 4 4 4 0 0 0 0 0 0 0 0 0 6 26 26 15 7 7 7 0 0 0 0 0 0 0 0 0 0 0 0 0 0 0 0 0 0 0 0 0 0 0 8 8 8 8 13 8 8 6 6 6 6 8 8 8 8 8 8 0 0 0 0 0 0 0 0 0 0 0 0 0 0 0 10 10 6 8 8 8
0 7 7 7 6 5 6 6 7 7 0 12 13 6 9 6 6 6 6 0 3 0 0 0 0 0 0 0 6 6 26 15 4 7 0 0 0 0 0 0 0 0 0 0 0 0 0 0 0 0 0 0 0 0 0 0 0 0 0 8 8 13 8 8 8 6 6 6 8 8 8 8 8 8 8 8 0 0 0 0 0 0 0 0 0 0 0 0 0 0 0 10 8 8 8 8
0 3 5 5 5 5 5 6 0 0 0 6 6 6 6 6 6 3 5 5 0 0 0 0 0 0 0 0 5 6 6 4 4 7 0 0 0 0 0 0 0 0 0 0 0 0 0 0 0 0 0 0 0 0 0 0 0 0 0 23 8 8 8 8 8 8 8 6 6 8 8 8 8 8 8 0 0 0 0 0 0 0 0 0 0 0 0 0 0 0 0 10 8 8 8 8
0 4 5 5 3 3 3 5 0 0 0 5 5 5 5 3 5 5 5 3 0 0 0 0 0 0 0 0 12 12 12 9 9 9 0 0 0 0 0 0 0 0 0 0 0 0 0 0 0 0 0 0 0 0 0 0 0 0 0 0 0 21 8 8 8 8 8 8 8 8 8 8 8 8 8 0 0 0 0 0 0 0 0 0 0 0 0 0 0 0 0 8 8 8 8 8
